   0.0000000e+00  -2.4562918e-02  -1.0500000e+00  -9.6340180e+01
   5.0000000e-03  -3.0562918e-02  -1.2000000e+00  -1.3299253e+02
   1.0000000e-02  -3.8812918e-02  -1.6500000e+00  -1.4348565e+02
   1.5000000e-02  -4.5562918e-02  -1.3500000e+00  -1.2178844e+02
   2.0000000e-02  -4.7062918e-02  -3.0000000e-01  -7.0891923e+01
   2.5000000e-02  -4.4812918e-02   4.5000000e-01   7.6593431e+00
   3.0000000e-02  -3.3312918e-02   2.3000000e+00   1.2587851e+02
   3.5000000e-02  -1.1312918e-02   4.4000000e+00   2.7999001e+02
   4.0000000e-02   2.0687082e-02   6.4000000e+00   4.2064189e+02
   4.5000000e-02   6.5687082e-02   9.0000000e+00   5.3587003e+02
   5.0000000e-02   1.2268708e-01   1.1400000e+01   6.0471271e+02
   5.5000000e-02   1.8843708e-01   1.3150000e+01   6.2567443e+02
   6.0000000e-02   2.6168708e-01   1.4650000e+01   6.3464751e+02
   6.5000000e-02   3.3718708e-01   1.5100000e+01   6.3763854e+02
   7.0000000e-02   4.1218708e-01   1.5000000e+01   6.3388750e+02
   7.5000000e-02   4.8393708e-01   1.4350000e+01   6.2341890e+02
   8.0000000e-02   5.4718708e-01   1.2650000e+01   6.1069477e+02
   8.5000000e-02   5.9993708e-01   1.0550000e+01   5.8600653e+02
   9.0000000e-02   6.3868708e-01   7.7500000e+00   5.4410761e+02
   9.5000000e-02   6.6218708e-01   4.7000000e+00   4.7227390e+02
   1.0000000e-01   6.6918708e-01   1.4000000e+00   3.2338444e+02
   1.0500000e-01   6.5843708e-01  -2.1500000e+00   1.1614541e+02
   1.1000000e-01   6.2643708e-01  -6.4000000e+00  -9.3349152e+01
   1.1500000e-01   5.7068708e-01  -1.1150000e+01  -3.3802507e+02
   1.2000000e-01   4.9043708e-01  -1.6050000e+01  -5.1084276e+02
   1.2500000e-01   3.8518708e-01  -2.1050000e+01  -6.1859333e+02
   1.3000000e-01   2.5843708e-01  -2.5350000e+01  -7.0761319e+02
   1.3500000e-01   1.1368708e-01  -2.8950000e+01  -7.2855039e+02
   1.4000000e-01  -4.7062918e-02  -3.2150000e+01  -7.4053902e+02
   1.4500000e-01  -2.1881292e-01  -3.4350000e+01  -7.4578558e+02
   1.5000000e-01  -3.9881292e-01  -3.6000000e+01  -7.4730561e+02
   1.5500000e-01  -5.8131292e-01  -3.6500000e+01  -7.4505008e+02
   1.6000000e-01  -7.6006292e-01  -3.5750000e+01  -7.3904350e+02
   1.6500000e-01  -9.3006292e-01  -3.4000000e+01  -7.3004590e+02
   1.7000000e-01  -1.0840629e+00  -3.0800000e+01  -7.1506625e+02
   1.7500000e-01  -1.2183129e+00  -2.6850000e+01  -6.9412905e+02
   1.8000000e-01  -1.3288129e+00  -2.2100000e+01  -6.6196324e+02
   1.8500000e-01  -1.4083129e+00  -1.5900000e+01  -6.1035574e+02
   1.9000000e-01  -1.4555629e+00  -9.4500000e+00  -5.0934724e+02
   1.9500000e-01  -1.4655629e+00  -2.0000000e+00  -2.6768687e+02
   2.0000000e-01  -1.4328129e+00   6.5500000e+00  -5.8248006e+00
   2.0500000e-01  -1.3578129e+00   1.5000000e+01   2.9570517e+02
   2.1000000e-01  -1.2388129e+00   2.3800000e+01   5.5683174e+02
   2.1500000e-01  -1.0808129e+00   3.1600000e+01   6.8029747e+02
   2.2000000e-01  -8.9081292e-01   3.8000000e+01   7.7083736e+02
   2.2500000e-01  -6.7581292e-01   4.3000000e+01   7.9851663e+02
   2.3000000e-01  -4.4006292e-01   4.7150000e+01   8.1420727e+02
   2.3500000e-01  -1.9206292e-01   4.9600000e+01   8.1494277e+02
   2.4000000e-01   6.1937082e-02   5.0800000e+01   8.1268724e+02
   2.4500000e-01   3.1743708e-01   5.1100000e+01   8.0670519e+02
   2.5000000e-01   5.6293708e-01   4.9100000e+01   7.9324556e+02
   2.5500000e-01   7.9568708e-01   4.6550000e+01   7.8054595e+02
   2.6000000e-01   1.0101871e+00   4.2900000e+01   7.6183976e+02
   2.6500000e-01   1.1979371e+00   3.7550000e+01   7.3715152e+02
   2.7000000e-01   1.3574371e+00   3.1900000e+01   7.0648122e+02
   2.7500000e-01   1.4809371e+00   2.4700000e+01   6.6306228e+02
   2.8000000e-01   1.5649371e+00   1.6800000e+01   5.9647513e+02
   2.8500000e-01   1.6091871e+00   8.8500000e+00   4.5582325e+02
   2.9000000e-01   1.6136871e+00   9.0000000e-01   2.0217425e+02
   2.9500000e-01   1.5786871e+00  -7.0000000e+00  -5.3705769e+01
   3.0000000e-01   1.5054371e+00  -1.4650000e+01  -3.4474262e+02
   3.0500000e-01   1.3926871e+00  -2.2550000e+01  -5.6323479e+02
   3.1000000e-01   1.2431871e+00  -2.9900000e+01  -6.6497878e+02
   3.1500000e-01   1.0621871e+00  -3.6200000e+01  -7.5100762e+02
   3.2000000e-01   8.5368708e-01  -4.1700000e+01  -7.7346485e+02
   3.2500000e-01   6.2543708e-01  -4.5650000e+01  -7.8692447e+02
   3.3000000e-01   3.8068708e-01  -4.8950000e+01  -7.9290653e+02
   3.3500000e-01   1.2593708e-01  -5.0950000e+01  -7.9516206e+02
   3.4000000e-01  -1.3256292e-01  -5.1700000e+01  -7.9440204e+02
   3.4500000e-01  -3.8806292e-01  -5.1100000e+01  -7.8765997e+02
   3.5000000e-01  -6.3381292e-01  -4.9150000e+01  -7.7868689e+02
   3.5500000e-01  -8.6331292e-01  -4.5900000e+01  -7.6520274e+02
   3.6000000e-01  -1.0708129e+00  -4.1500000e+01  -7.4500104e+02
   3.6500000e-01  -1.2508129e+00  -3.6000000e+01  -7.2330383e+02
   3.7000000e-01  -1.3988129e+00  -2.9600000e+01  -6.9412905e+02
   3.7500000e-01  -1.5095629e+00  -2.2150000e+01  -6.5223014e+02
   3.8000000e-01  -1.5820629e+00  -1.4500000e+01  -5.8789851e+02
   3.8500000e-01  -1.6165629e+00  -6.9000000e+00  -4.2179838e+02
   3.9000000e-01  -1.6098129e+00   1.3500000e+00  -1.6515835e+02
   3.9500000e-01  -1.5618129e+00   9.6000000e+00   1.0192577e+02
   4.0000000e-01  -1.4703129e+00   1.8300000e+01   3.9671367e+02
   4.0500000e-01  -1.3383129e+00   2.6400000e+01   5.9647513e+02
   4.1000000e-01  -1.1688129e+00   3.3900000e+01   6.9821912e+02
   4.1500000e-01  -9.7181292e-01   3.9400000e+01   7.7453937e+02
   4.2000000e-01  -7.5131292e-01   4.4100000e+01   7.9623659e+02
   4.2500000e-01  -5.1106292e-01   4.8050000e+01   8.0746520e+02
   4.3000000e-01  -2.6006292e-01   5.0200000e+01   8.1271176e+02
   4.3500000e-01  -6.2917595e-05   5.2000000e+01   8.1420727e+02
   4.4000000e-01   2.5868708e-01   5.1750000e+01   8.0822522e+02
   4.4500000e-01   5.0968708e-01   5.0200000e+01   7.9699660e+02
   4.5000000e-01   7.4918708e-01   4.7900000e+01   7.8353697e+02
   4.5500000e-01   9.6818708e-01   4.3800000e+01   7.6483079e+02
   4.6000000e-01   1.1626871e+00   3.8900000e+01   7.4313358e+02
   4.6500000e-01   1.3284371e+00   3.3150000e+01   7.1469429e+02
   4.7000000e-01   1.4581871e+00   2.5950000e+01   6.7578641e+02
   4.7500000e-01   1.5514371e+00   1.8650000e+01   6.1594133e+02
   4.8000000e-01   1.6039371e+00   1.0500000e+01   4.9772216e+02
   4.8500000e-01   1.6184371e+00   2.9000000e+00   2.5007973e+02
   4.9000000e-01   1.5901871e+00  -5.6500000e+00  -8.0558135e+00
   4.9500000e-01   1.5221871e+00  -1.3600000e+01  -2.9762167e+02
   5.0000000e-01   1.4169371e+00  -2.1050000e+01  -5.4303309e+02
   5.0500000e-01   1.2726871e+00  -2.8850000e+01  -6.5451018e+02
   5.1000000e-01   1.0979371e+00  -3.4950000e+01  -7.4279455e+02
   5.1500000e-01   8.9493708e-01  -4.0600000e+01  -7.7645587e+02
   5.2000000e-01   6.6918708e-01  -4.5150000e+01  -7.8915549e+02
   5.2500000e-01   4.2743708e-01  -4.8350000e+01  -7.9513754e+02
   5.3000000e-01   1.7418708e-01  -5.0650000e+01  -7.9888859e+02
   5.3500000e-01  -8.2812918e-02  -5.1400000e+01  -7.9739307e+02
   5.4000000e-01  -3.3681292e-01  -5.0800000e+01  -7.9141102e+02
   5.4500000e-01  -5.8406292e-01  -4.9450000e+01  -7.8393344e+02
   5.5000000e-01  -8.1531292e-01  -4.6250000e+01  -7.6971380e+02
   5.5500000e-01  -1.0275629e+00  -4.2450000e+01  -7.5250313e+02
   5.6000000e-01  -1.2138129e+00  -3.7250000e+01  -7.3230143e+02
   5.6500000e-01  -1.3680629e+00  -3.0850000e+01  -7.0386215e+02
   5.7000000e-01  -1.4885629e+00  -2.4100000e+01  -6.6644978e+02
   5.7500000e-01  -1.5700629e+00  -1.6300000e+01  -6.0658018e+02
   5.8000000e-01  -1.6128129e+00  -8.5500000e+00  -4.6815931e+02
   5.8500000e-01  -1.6150629e+00  -4.5000000e-01  -2.0928827e+02
   5.9000000e-01  -1.5738129e+00   8.2500000e+00   5.2573800e+01
   5.9500000e-01  -1.4915629e+00   1.6450000e+01   3.5783030e+02
   6.0000000e-01  -1.3680629e+00   2.4700000e+01   5.8527103e+02
   6.0500000e-01  -1.2085629e+00   3.1900000e+01   6.8627952e+02
   6.1000000e-01  -1.0185629e+00   3.8000000e+01   7.7306838e+02
   6.1500000e-01  -8.0181292e-01   4.3350000e+01   7.9251006e+02
   6.2000000e-01  -5.6606292e-01   4.7150000e+01   8.0373867e+02
   6.2500000e-01  -3.1506292e-01   5.0200000e+01   8.1045623e+02
   6.3000000e-01  -5.6562918e-02   5.1700000e+01   8.1271176e+02
   6.3500000e-01   2.0293708e-01   5.1900000e+01   8.0898523e+02
   6.4000000e-01   4.5868708e-01   5.1150000e+01   8.0150766e+02
   6.4500000e-01   7.0043708e-01   4.8350000e+01   7.8954355e+02
   6.5000000e-01   9.2493708e-01   4.4900000e+01   7.7306838e+02
   6.5500000e-01   1.1261871e+00   4.0250000e+01   7.5137116e+02
   6.6000000e-01   1.2969371e+00   3.4150000e+01   7.2442739e+02
   6.6500000e-01   1.4359371e+00   2.7800000e+01   6.8777504e+02
   6.7000000e-01   1.5374371e+00   2.0300000e+01   6.3168100e+02
   6.7500000e-01   1.5986871e+00   1.2250000e+01   5.3216802e+02
   6.8000000e-01   1.6194371e+00   4.1500000e+00   3.0771832e+02
   6.8500000e-01   1.5986871e+00  -4.1500000e+00   4.5831728e+01
   6.9000000e-01   1.5381871e+00  -1.2100000e+01  -2.0781727e+02
   6.9500000e-01   1.4389371e+00  -1.9850000e+01  -4.6894385e+02
   7.0000000e-01   1.3031871e+00  -2.7150000e+01  -6.0437368e+02
   7.0500000e-01   1.1354371e+00  -3.3550000e+01  -6.9415356e+02
   7.1000000e-01   9.3868708e-01  -3.9350000e+01  -7.7047382e+02
   7.1500000e-01   7.1743708e-01  -4.4250000e+01  -7.8841999e+02
   7.2000000e-01   4.7843708e-01  -4.7800000e+01  -7.9739307e+02
   7.2500000e-01   2.2743708e-01  -5.0200000e+01  -8.0038410e+02
   7.3000000e-01  -2.9562918e-02  -5.1400000e+01  -7.9888859e+02
   7.3500000e-01  -2.8531292e-01  -5.1150000e+01  -7.9516206e+02
   7.4000000e-01  -5.3481292e-01  -4.9900000e+01  -7.8768449e+02
   7.4500000e-01  -7.7056292e-01  -4.7150000e+01  -7.7645587e+02
   7.5000000e-01  -9.8656292e-01  -4.3200000e+01  -7.5998070e+02
   7.5500000e-01  -1.1780629e+00  -3.8300000e+01  -7.3977900e+02
   7.6000000e-01  -1.3388129e+00  -3.2150000e+01  -7.1209973e+02
   7.6500000e-01  -1.4663129e+00  -2.5500000e+01  -6.7544738e+02
   7.7000000e-01  -1.5563129e+00  -1.8000000e+01  -6.2084886e+02
   7.7500000e-01  -1.6065629e+00  -1.0050000e+01  -5.0787625e+02
   7.8000000e-01  -1.6173129e+00  -2.1500000e+00  -2.5947380e+02
   7.8500000e-01  -1.5850629e+00   6.4500000e+00   2.4127854e+00
   7.9000000e-01  -1.5110629e+00   1.4800000e+01   2.9347416e+02
   7.9500000e-01  -1.3958129e+00   2.3050000e+01   5.5160970e+02
   8.0000000e-01  -1.2425629e+00   3.0650000e+01   6.6833335e+02
   8.0500000e-01  -1.0580629e+00   3.6900000e+01   7.5884873e+02
   8.1000000e-01  -8.4681292e-01   4.2250000e+01   7.9849212e+02
   8.1500000e-01  -6.1481292e-01   4.6400000e+01   8.0746520e+02
   8.2000000e-01  -3.6756292e-01   4.9450000e+01   8.1119173e+02
   8.2500000e-01  -1.1056292e-01   5.1400000e+01   8.1418276e+02
   8.3000000e-01   1.4893708e-01   5.1900000e+01   8.1195174e+02
   8.3500000e-01   4.0518708e-01   5.1250000e+01   8.0523419e+02
   8.4000000e-01   6.5093708e-01   4.9150000e+01   7.9702112e+02
   8.4500000e-01   8.7843708e-01   4.5500000e+01   7.8206598e+02
   8.5000000e-01   1.0851871e+00   4.1350000e+01   7.6186428e+02
   8.5500000e-01   1.2629371e+00   3.5550000e+01   7.3717604e+02
   8.6000000e-01   1.4086871e+00   2.9150000e+01   7.0125918e+02
   8.6500000e-01   1.5176871e+00   2.1800000e+01   6.5188270e+02
   8.7000000e-01   1.5864371e+00   1.3750000e+01   5.6732486e+02
   8.7500000e-01   1.6154371e+00   5.8000000e+00   3.7202542e+02
   8.8000000e-01   1.6039371e+00  -2.3000000e+00   1.0864332e+02
   8.8500000e-01   1.5529371e+00  -1.0200000e+01  -1.4949222e+02
   8.9000000e-01   1.4626871e+00  -1.8050000e+01  -4.3829807e+02
   8.9500000e-01   1.3344371e+00  -2.5650000e+01  -6.0962024e+02
   9.0000000e-01   1.1719371e+00  -3.2500000e+01  -7.0013562e+02
   9.0500000e-01   9.8043708e-01  -3.8300000e+01  -7.8094242e+02
   9.1000000e-01   7.6318708e-01  -4.3450000e+01  -7.9065100e+02
   9.1500000e-01   5.2743708e-01  -4.7150000e+01  -7.9663306e+02
   9.2000000e-01   2.7868708e-01  -4.9750000e+01  -8.0411063e+02
   9.2500000e-01   2.2187082e-02  -5.1300000e+01  -8.0411063e+02
   9.3000000e-01  -2.3356292e-01  -5.1150000e+01  -8.0038410e+02
   9.3500000e-01  -4.8531292e-01  -5.0350000e+01  -7.9366655e+02
   9.4000000e-01  -7.2406292e-01  -4.7750000e+01  -7.8020692e+02
   9.4500000e-01  -9.4456292e-01  -4.4100000e+01  -7.6373175e+02
   9.5000000e-01  -1.1420629e+00  -3.9500000e+01  -7.4277003e+02
   9.5500000e-01  -1.3098129e+00  -3.3550000e+01  -7.1808179e+02
   9.6000000e-01  -1.4450629e+00  -2.7050000e+01  -6.8591598e+02
   9.6500000e-01  -1.5425629e+00  -1.9500000e+01  -6.3653950e+02
   9.7000000e-01  -1.6013129e+00  -1.1750000e+01  -5.4376859e+02
   9.7500000e-01  -1.6195629e+00  -3.6500000e+00  -3.1855887e+02
   9.8000000e-01  -1.5958129e+00   4.7500000e+00  -5.5176767e+01
   9.8500000e-01  -1.5310629e+00   1.2950000e+01   2.0818082e+02
   9.9000000e-01  -1.4243129e+00   2.1350000e+01   4.7901598e+02
   9.9500000e-01  -1.2770629e+00   2.9450000e+01   6.1893235e+02
   1.0000000e+00  -1.0993129e+00   3.5550000e+01   7.1319878e+02
   1.0050000e+00  -8.9331292e-01   4.1200000e+01   7.8726350e+02
   1.0100000e+00  -6.6431292e-01   4.5800000e+01   8.0523419e+02
   1.0150000e+00  -4.2031292e-01   4.8800000e+01   8.1570279e+02
   1.0200000e+00  -1.6456292e-01   5.1150000e+01   8.1793380e+02
   1.0250000e+00   9.6437082e-02   5.2200000e+01   8.1643829e+02
   1.0300000e+00   3.5343708e-01   5.1400000e+01   8.1195174e+02
   1.0350000e+00   6.0068708e-01   4.9450000e+01   7.9998763e+02
   1.0400000e+00   8.3318708e-01   4.6500000e+01   7.8652800e+02
   1.0450000e+00   1.0429371e+00   4.1950000e+01   7.6782182e+02
   1.0500000e+00   1.2269371e+00   3.6800000e+01   7.4386908e+02
   1.0550000e+00   1.3809371e+00   3.0800000e+01   7.1243876e+02
   1.0600000e+00   1.4976871e+00   2.3350000e+01   6.6678881e+02
   1.0650000e+00   1.5756871e+00   1.5600000e+01   5.9421960e+02
   1.0700000e+00   1.6136871e+00   7.6000000e+00   4.2738396e+02
   1.0750000e+00   1.6106871e+00  -6.0000000e-01   1.6027533e+02
   1.0800000e+00   1.5671871e+00  -8.7000000e+00  -9.8595710e+01
   1.0850000e+00   1.4846871e+00  -1.6500000e+01  -3.6570434e+02
   1.0900000e+00   1.3641871e+00  -2.4100000e+01  -5.6622581e+02
   1.0950000e+00   1.2079371e+00  -3.1250000e+01  -6.6122774e+02
   1.1000000e+00   1.0219371e+00  -3.7200000e+01  -7.4725657e+02
   1.1050000e+00   8.1068708e-01  -4.2250000e+01  -7.9288201e+02
   1.1100000e+00   5.7718708e-01  -4.6700000e+01  -8.0411063e+02
   1.1150000e+00   3.2993708e-01  -4.9450000e+01  -8.0710166e+02
   1.1200000e+00   7.4937082e-02  -5.1000000e+01  -8.0710166e+02
   1.1250000e+00  -1.8306292e-01  -5.1600000e+01  -8.0411063e+02
   1.1300000e+00  -4.3481292e-01  -5.0350000e+01  -7.9736856e+02
   1.1350000e+00  -6.7681292e-01  -4.8400000e+01  -7.8689996e+02
   1.1400000e+00  -9.0106292e-01  -4.4850000e+01  -7.7344033e+02
   1.1450000e+00  -1.1033129e+00  -4.0450000e+01  -7.5399865e+02
   1.1500000e+00  -1.2780629e+00  -3.4950000e+01  -7.2857491e+02
   1.1550000e+00  -1.4205629e+00  -2.8500000e+01  -6.9640909e+02
   1.1600000e+00  -1.5273129e+00  -2.1350000e+01  -6.5002364e+02
   1.1650000e+00  -1.5935629e+00  -1.3250000e+01  -5.7370339e+02
   1.1700000e+00  -1.6210629e+00  -5.5000000e+00  -3.7989946e+02
   1.1750000e+00  -1.6058129e+00   3.0500000e+00  -1.1654188e+02
   1.1800000e+00  -1.5485629e+00   1.1450000e+01   1.4608021e+02
   1.1850000e+00  -1.4510629e+00   1.9500000e+01   4.4086811e+02
   1.1900000e+00  -1.3120629e+00   2.7800000e+01   6.1069477e+02
   1.1950000e+00  -1.1398129e+00   3.4450000e+01   7.0648122e+02
   1.2000000e+00  -9.3931292e-01   4.0100000e+01   7.8802352e+02
   1.2050000e+00  -7.1481292e-01   4.4900000e+01   8.0297866e+02
   1.2100000e+00  -4.7306292e-01   4.8350000e+01   8.1570279e+02
   1.2150000e+00  -2.1956292e-01   5.0700000e+01   8.2242034e+02
   1.2200000e+00   4.0687082e-02   5.2050000e+01   8.2242034e+02
   1.2250000e+00   2.9918708e-01   5.1700000e+01   8.1793380e+02
   1.2300000e+00   5.4868708e-01   4.9900000e+01   8.0820070e+02
   1.2350000e+00   7.8518708e-01   4.7300000e+01   7.9324556e+02
   1.2400000e+00   1.0011871e+00   4.3200000e+01   7.7529939e+02
   1.2450000e+00   1.1919371e+00   3.8150000e+01   7.4911563e+02
   1.2500000e+00   1.3521871e+00   3.2050000e+01   7.1994085e+02
   1.2550000e+00   1.4764371e+00   2.4850000e+01   6.7953745e+02
   1.2600000e+00   1.5626871e+00   1.7250000e+01   6.1368580e+02
   1.2650000e+00   1.6076871e+00   9.0000000e+00   4.7526493e+02
   1.2700000e+00   1.6144371e+00   1.3500000e+00   2.1114733e+02
   1.2750000e+00   1.5809371e+00  -6.7000000e+00  -5.2970271e+01
   1.2800000e+00   1.5059371e+00  -1.5000000e+01  -3.0286823e+02
   1.2850000e+00   1.3931871e+00  -2.2550000e+01  -5.2731793e+02
   1.2900000e+00   1.2429371e+00  -3.0050000e+01  -6.2607090e+02
   1.2950000e+00   1.0611871e+00  -3.6350000e+01  -7.1285975e+02
   1.3000000e+00   8.5518708e-01  -4.1200000e+01  -7.8542896e+02
   1.3050000e+00   6.2693708e-01  -4.5650000e+01  -8.0114412e+02
   1.3100000e+00   3.8218708e-01  -4.8950000e+01  -8.0938170e+02
   1.3150000e+00   1.2818708e-01  -5.0800000e+01  -8.1161271e+02
   1.3200000e+00  -1.3106292e-01  -5.1850000e+01  -8.0786167e+02
   1.3250000e+00  -3.8506292e-01  -5.0800000e+01  -8.0261511e+02
   1.3300000e+00  -6.3006292e-01  -4.9000000e+01  -7.9138650e+02
   1.3350000e+00  -8.5881292e-01  -4.5750000e+01  -7.7643136e+02
   1.3400000e+00  -1.0655629e+00  -4.1350000e+01  -7.5772517e+02
   1.3450000e+00  -1.2470629e+00  -3.6300000e+01  -7.3453245e+02
   1.3500000e+00  -1.3958129e+00  -2.9750000e+01  -7.0386215e+02
   1.3550000e+00  -1.5095629e+00  -2.2750000e+01  -6.6046772e+02
   1.3600000e+00  -1.5843129e+00  -1.4950000e+01  -5.9464058e+02
   1.3650000e+00  -1.6195629e+00  -7.0500000e+00  -4.3079598e+02
   1.3700000e+00  -1.6135629e+00   1.2000000e+00  -1.6743839e+02
   1.3750000e+00  -1.5648129e+00   9.7500000e+00   9.3688180e+01
   1.3800000e+00  -1.4748129e+00   1.8000000e+01   3.8847608e+02
   1.3850000e+00  -1.3443129e+00   2.6100000e+01   5.9497961e+02
   1.3900000e+00  -1.1778129e+00   3.3300000e+01   6.9449259e+02
   1.3950000e+00  -9.8231292e-01   3.9100000e+01   7.7978593e+02
   1.4000000e+00  -7.6331292e-01   4.3800000e+01   8.0672970e+02
   1.4050000e+00  -5.2456292e-01   4.7750000e+01   8.1646280e+02
   1.4100000e+00  -2.7281292e-01   5.0350000e+01   8.2021385e+02
   1.4150000e+00  -1.4312918e-02   5.1700000e+01   8.2094934e+02
   1.4200000e+00   2.4568708e-01   5.2000000e+01   8.1496729e+02
   1.4250000e+00   4.9818708e-01   5.0500000e+01   8.0898523e+02
   1.4300000e+00   7.3693708e-01   4.7750000e+01   7.9925213e+02
   1.4350000e+00   9.5743708e-01   4.4100000e+01   7.8579250e+02
   1.4400000e+00   1.1536871e+00   3.9250000e+01   7.6483079e+02
   1.4450000e+00   1.3209371e+00   3.3450000e+01   7.3489599e+02
   1.4500000e+00   1.4536871e+00   2.6550000e+01   6.9525261e+02
   1.4550000e+00   1.5484371e+00   1.8950000e+01   6.3315200e+02
   1.4600000e+00   1.6016871e+00   1.0650000e+01   5.1493283e+02
   1.4650000e+00   1.6154371e+00   2.7500000e+00   2.6503487e+02
   1.4700000e+00   1.5894371e+00  -5.2000000e+00  -1.3382583e+00
   1.4750000e+00   1.5229371e+00  -1.3300000e+01  -2.5349175e+02
   1.4800000e+00   1.4184371e+00  -2.0900000e+01  -5.1160277e+02
   1.4850000e+00   1.2771871e+00  -2.8250000e+01  -6.2756641e+02
   1.4900000e+00   1.1016871e+00  -3.5100000e+01  -7.1359525e+02
   1.4950000e+00   9.0018708e-01  -4.0300000e+01  -7.9214651e+02
   1.5000000e+00   6.7593708e-01  -4.4850000e+01  -8.0111960e+02
   1.5050000e+00   4.3418708e-01  -4.8350000e+01  -8.0786167e+02
   1.5100000e+00   1.8318708e-01  -5.0200000e+01  -8.1384373e+02
   1.5150000e+00  -7.4562918e-02  -5.1550000e+01  -8.1158820e+02
   1.5200000e+00  -3.2931292e-01  -5.0950000e+01  -8.0560614e+02
   1.5250000e+00  -5.7656292e-01  -4.9450000e+01  -7.9736856e+02
   1.5300000e+00  -8.1006292e-01  -4.6700000e+01  -7.8241341e+02
   1.5350000e+00  -1.0215629e+00  -4.2300000e+01  -7.6446724e+02
   1.5400000e+00  -1.2093129e+00  -3.7550000e+01  -7.4127452e+02
   1.5450000e+00  -1.3650629e+00  -3.1150000e+01  -7.1209973e+02
   1.5500000e+00  -1.4863129e+00  -2.4250000e+01  -6.7245635e+02
   1.5550000e+00  -1.5700629e+00  -1.6750000e+01  -6.1334677e+02
   1.5600000e+00  -1.6135629e+00  -8.7000000e+00  -4.7718143e+02
   1.5650000e+00  -1.6173129e+00  -7.5000000e-01  -2.1455935e+02
   1.5700000e+00  -1.5775629e+00   7.9500000e+00   4.7327242e+01
   1.5750000e+00  -1.4968129e+00   1.6150000e+01   3.1892241e+02
   1.5800000e+00  -1.3748129e+00   2.4400000e+01   5.5011419e+02
   1.5850000e+00  -1.2153129e+00   3.1900000e+01   6.5335370e+02
   1.5900000e+00  -1.0253129e+00   3.8000000e+01   7.4237356e+02
   1.5950000e+00  -8.1081292e-01   4.2900000e+01   7.9998763e+02
   1.6000000e+00  -5.7506292e-01   4.7150000e+01   8.1494277e+02
   1.6050000e+00  -3.2556292e-01   4.9900000e+01   8.2168484e+02
   1.6100000e+00  -6.7812918e-02   5.1550000e+01   8.2318036e+02
   1.6150000e+00   1.9318708e-01   5.2200000e+01   8.2092483e+02
   1.6200000e+00   4.4743708e-01   5.0850000e+01   8.1420727e+02
   1.6250000e+00   6.8993708e-01   4.8500000e+01   8.0148314e+02
   1.6300000e+00   9.1518708e-01   4.5050000e+01   7.8802352e+02
   1.6350000e+00   1.1171871e+00   4.0400000e+01   7.6782182e+02
   1.6400000e+00   1.2901871e+00   3.4600000e+01   7.4087805e+02
   1.6450000e+00   1.4299371e+00   2.7950000e+01   7.0572121e+02
   1.6500000e+00   1.5311871e+00   2.0250000e+01   6.5185818e+02
   1.6550000e+00   1.5921871e+00   1.2200000e+01   5.5234520e+02
   1.6600000e+00   1.6151871e+00   4.6000000e+00   3.2939101e+02
   1.6650000e+00   1.5984371e+00  -3.3500000e+00   6.0026854e+01
   1.6700000e+00   1.5404371e+00  -1.1600000e+01  -1.9661318e+02
   1.6750000e+00   1.4444371e+00  -1.9200000e+01  -4.6070626e+02
   1.6800000e+00   1.3101871e+00  -2.6850000e+01  -6.0810021e+02
   1.6850000e+00   1.1406871e+00  -3.3900000e+01  -6.9788009e+02
   1.6900000e+00   9.4543708e-01  -3.9050000e+01  -7.7942239e+02
   1.6950000e+00   7.2418708e-01  -4.4250000e+01  -8.0261511e+02
   1.7000000e+00   4.8443708e-01  -4.7950000e+01  -8.0859717e+02
   1.7050000e+00   2.3418708e-01  -5.0050000e+01  -8.1082818e+02
   1.7100000e+00  -2.2812918e-02  -5.1400000e+01  -8.1082818e+02
   1.7150000e+00  -2.7856292e-01  -5.1150000e+01  -8.0710166e+02
   1.7200000e+00  -5.2706292e-01  -4.9700000e+01  -7.9812857e+02
   1.7250000e+00  -7.6356292e-01  -4.7300000e+01  -7.8692447e+02
   1.7300000e+00  -9.8106292e-01  -4.3500000e+01  -7.6971380e+02
   1.7350000e+00  -1.1725629e+00  -3.8300000e+01  -7.4652108e+02
   1.7400000e+00  -1.3358129e+00  -3.2650000e+01  -7.1810631e+02
   1.7450000e+00  -1.4655629e+00  -2.5950000e+01  -6.8142944e+02
   1.7500000e+00  -1.5570629e+00  -1.8300000e+01  -6.2683091e+02
   1.7550000e+00  -1.6088129e+00  -1.0350000e+01  -5.1758483e+02
   1.7600000e+00  -1.6203129e+00  -2.3000000e+00  -2.6991789e+02
   1.7650000e+00  -1.5890629e+00   6.2500000e+00  -5.8002840e+00
   1.7700000e+00  -1.5158129e+00   1.4650000e+01   2.5459079e+02
   1.7750000e+00  -1.4028129e+00   2.2600000e+01   5.1645286e+02
   1.7800000e+00  -1.2510629e+00   3.0350000e+01   6.3467203e+02
   1.7850000e+00  -1.0663129e+00   3.6950000e+01   7.2668292e+02
   1.7900000e+00  -8.5656292e-01   4.1950000e+01   7.9998763e+02
   1.7950000e+00  -6.2631292e-01   4.6050000e+01   8.1271176e+02
   1.8000000e+00  -3.7906292e-01   4.9450000e+01   8.2018933e+02
   1.8050000e+00  -1.2281292e-01   5.1250000e+01   8.2543589e+02
   1.8100000e+00   1.3743708e-01   5.2050000e+01   8.2619590e+02
   1.8150000e+00   3.9468708e-01   5.1450000e+01   8.2021385e+02
   1.8200000e+00   6.3943708e-01   4.8950000e+01   8.1048075e+02
   1.8250000e+00   8.6918708e-01   4.5950000e+01   7.9403009e+02
   1.8300000e+00   1.0759371e+00   4.1350000e+01   7.7456389e+02
   1.8350000e+00   1.2566871e+00   3.6150000e+01   7.4911563e+02
   1.8400000e+00   1.4056871e+00   2.9800000e+01   7.1469429e+02
   1.8450000e+00   1.5154371e+00   2.1950000e+01   6.6754882e+02
   1.8500000e+00   1.5864371e+00   1.4200000e+01   5.8375100e+02
   1.8550000e+00   1.6169371e+00   6.1000000e+00   3.8997159e+02
   1.8600000e+00   1.6061871e+00  -2.1500000e+00   1.1913644e+02
   1.8650000e+00   1.5574371e+00  -9.7500000e+00  -1.4199014e+02
   1.8700000e+00   1.4679371e+00  -1.7900000e+01  -3.9411911e+02
   1.8750000e+00   1.3411871e+00  -2.5350000e+01  -5.6769681e+02
   1.8800000e+00   1.1794371e+00  -3.2350000e+01  -6.5897221e+02
   1.8850000e+00   9.8868708e-01  -3.8150000e+01  -7.4500104e+02
   1.8900000e+00   7.7293708e-01  -4.3150000e+01  -7.9736856e+02
   1.8950000e+00   5.3718708e-01  -4.7150000e+01  -8.0933267e+02
   1.9000000e+00   2.8918708e-01  -4.9600000e+01  -8.1457923e+02
   1.9050000e+00   3.2187082e-02  -5.1400000e+01  -8.1384373e+02
   1.9100000e+00  -2.2431292e-01  -5.1300000e+01  -8.0935719e+02
   1.9150000e+00  -4.7606292e-01  -5.0350000e+01  -8.0263963e+02
   1.9200000e+00  -7.1556292e-01  -4.7900000e+01  -7.9067552e+02
   1.9250000e+00  -9.3681292e-01  -4.4250000e+01  -7.7422486e+02
   1.9300000e+00  -1.1343129e+00  -3.9500000e+01  -7.5478318e+02
   1.9350000e+00  -1.3028129e+00  -3.3700000e+01  -7.2783941e+02
   1.9400000e+00  -1.4385629e+00  -2.7150000e+01  -6.9341807e+02
   1.9450000e+00  -1.5385629e+00  -2.0000000e+01  -6.4328157e+02
   1.9500000e+00  -1.5995629e+00  -1.2200000e+01  -5.5423719e+02
   1.9550000e+00  -1.6210629e+00  -4.3000000e+00  -3.3427403e+02
   1.9600000e+00  -1.5998129e+00   4.2500000e+00  -7.0891923e+01
   1.9650000e+00  -1.5358129e+00   1.2800000e+01   1.9023465e+02
   1.9700000e+00  -1.4298129e+00   2.1200000e+01   4.7604946e+02
   1.9750000e+00  -1.2855629e+00   2.8850000e+01   6.2270791e+02
   1.9800000e+00  -1.1078129e+00   3.5550000e+01   7.1920535e+02
   1.9850000e+00  -9.0331292e-01   4.0900000e+01   8.0074765e+02
   1.9900000e+00  -6.7756292e-01   4.5150000e+01   8.1195174e+02
   1.9950000e+00  -4.3631292e-01   4.8250000e+01   8.2092483e+02
   2.0000000e+00  -1.8906292e-01   4.9450000e+01   8.2092483e+02
   2.0050000e+00   5.7437082e-02   4.9300000e+01   8.1643829e+02
   2.0100000e+00   2.9393708e-01   4.7300000e+01   8.0822522e+02
   2.0150000e+00   5.1368708e-01   4.3950000e+01   7.9550109e+02
   2.0200000e+00   7.1193708e-01   3.9650000e+01   7.8204146e+02
   2.0250000e+00   8.8418708e-01   3.4450000e+01   7.5884873e+02
   2.0300000e+00   1.0246871e+00   2.8100000e+01   7.2741842e+02
   2.0350000e+00   1.1306871e+00   2.1200000e+01   6.8179298e+02
   2.0400000e+00   1.2009371e+00   1.4050000e+01   6.1145478e+02
   2.0450000e+00   1.2369371e+00   7.2000000e+00   4.7754498e+02
   2.0500000e+00   1.2406871e+00   7.5000000e-01   2.3512459e+02
   2.0550000e+00   1.2146871e+00  -5.2000000e+00  -1.3277855e+01
   2.0600000e+00   1.1604371e+00  -1.0850000e+01  -2.3772756e+02
   2.0650000e+00   1.0786871e+00  -1.6350000e+01  -4.0907425e+02
   2.0700000e+00   9.7493708e-01  -2.0750000e+01  -5.1680030e+02
   2.0750000e+00   8.5218708e-01  -2.4550000e+01  -6.0285365e+02
   2.0800000e+00   7.1568708e-01  -2.7300000e+01  -6.8442046e+02
   2.0850000e+00   5.6993708e-01  -2.9150000e+01  -7.4652108e+02
   2.0900000e+00   4.2043708e-01  -2.9900000e+01  -7.5176763e+02
   2.0950000e+00   2.7243708e-01  -2.9600000e+01  -7.5103213e+02
   2.1000000e+00   1.2893708e-01  -2.8700000e+01  -7.4801659e+02
   2.1050000e+00  -4.5629176e-03  -2.6700000e+01  -7.3904350e+02
   2.1100000e+00  -1.2581292e-01  -2.4250000e+01  -7.2558388e+02
   2.1150000e+00  -2.3131292e-01  -2.1100000e+01  -7.0761319e+02
   2.1200000e+00  -3.1906292e-01  -1.7550000e+01  -6.8218945e+02
   2.1250000e+00  -3.8831292e-01  -1.3850000e+01  -6.5002364e+02
   2.1300000e+00  -4.3881292e-01  -1.0100000e+01  -6.0886023e+02
   2.1350000e+00  -4.7081292e-01  -6.4000000e+00  -5.5423719e+02
   2.1400000e+00  -4.8606292e-01  -3.0500000e+00  -4.6445730e+02
   2.1450000e+00  -4.8606292e-01   0.0000000e+00  -3.1404781e+02
   2.1500000e+00  -4.7381292e-01   2.4500000e+00  -1.1803739e+02
   2.1550000e+00  -4.4931292e-01   4.9000000e+00   5.8531340e+01
   2.1600000e+00  -4.1481292e-01   6.9000000e+00   1.8572359e+02
   2.1650000e+00  -3.7281292e-01   8.4000000e+00   2.4181763e+02
   2.1700000e+00  -3.2481292e-01   9.6000000e+00   2.3882660e+02
   2.1750000e+00  -2.7681292e-01   9.6000000e+00   2.3507556e+02
   2.1800000e+00  -2.3106292e-01   9.1500000e+00   2.3358004e+02
   2.1850000e+00  -1.9081292e-01   8.0500000e+00   2.2909350e+02
   2.1900000e+00  -1.5781292e-01   6.6000000e+00   2.3058901e+02
   2.1950000e+00  -1.3181292e-01   5.2000000e+00   2.4407316e+02
   2.2000000e+00  -1.1206292e-01   3.9500000e+00   2.6952141e+02
   2.2050000e+00  -9.6812918e-02   3.0500000e+00   2.9796070e+02
   2.2100000e+00  -8.3812918e-02   2.6000000e+00   3.1892241e+02
   2.2150000e+00  -7.3062918e-02   2.1500000e+00   3.2414446e+02
   2.2200000e+00  -6.4562918e-02   1.7000000e+00   3.1517137e+02
   2.2250000e+00  -5.6812918e-02   1.5500000e+00   3.0021623e+02
   2.2300000e+00  -5.0062918e-02   1.3500000e+00   2.8227006e+02
   2.2350000e+00  -4.4812918e-02   1.0500000e+00   2.6432389e+02
