   0.0000000e+00   3.1041667e-04   2.0000000e+00   2.3628755e+02
   5.0000000e-03   1.8060417e-02   3.5500000e+00   3.9716565e+02
   1.0000000e-02   4.6060417e-02   5.6000000e+00   5.6177027e+02
   1.5000000e-02   8.2560417e-02   7.3000000e+00   7.0318216e+02
   2.0000000e-02   1.2906042e-01   9.3000000e+00   8.0269514e+02
   2.5000000e-02   1.8231042e-01   1.0650000e+01   8.5356714e+02
   3.0000000e-02   2.3956042e-01   1.1450000e+01   8.7751988e+02
   3.5000000e-02   2.9906042e-01   1.1900000e+01   8.8350194e+02
   4.0000000e-02   3.5631042e-01   1.1450000e+01   8.7827990e+02
   4.5000000e-02   4.0756042e-01   1.0250000e+01   8.6180472e+02
   5.0000000e-02   4.5181042e-01   8.8500000e+00   8.3186993e+02
   5.5000000e-02   4.8631042e-01   6.9000000e+00   7.7874240e+02
   6.0000000e-02   5.0706042e-01   4.1500000e+00   6.8670699e+02
   6.5000000e-02   5.1681042e-01   1.9500000e+00   5.2661343e+02
   7.0000000e-02   5.0931042e-01  -1.5000000e+00   2.7222893e+02
   7.5000000e-02   4.8331042e-01  -5.2000000e+00   1.5613413e+01
   8.0000000e-02   4.3656042e-01  -9.3500000e+00  -2.1557836e+02
   8.5000000e-02   3.6806042e-01  -1.3700000e+01  -4.9541112e+02
   9.0000000e-02   2.7956042e-01  -1.7700000e+01  -6.8097745e+02
   9.5000000e-02   1.7106042e-01  -2.1700000e+01  -8.4335106e+02
   1.0000000e-01   4.7560417e-02  -2.4700000e+01  -9.8625847e+02
   1.0500000e-01  -9.2189583e-02  -2.7950000e+01  -1.0027336e+03
   1.1000000e-01  -2.4318958e-01  -3.0200000e+01  -1.0057247e+03
   1.1500000e-01  -3.9943958e-01  -3.1250000e+01  -1.0027336e+03
   1.2000000e-01  -5.5968958e-01  -3.2050000e+01  -9.9824710e+02
   1.2500000e-01  -7.1518958e-01  -3.1100000e+01  -9.8924950e+02
   1.3000000e-01  -8.6343958e-01  -2.9650000e+01  -9.7502985e+02
   1.3500000e-01  -9.9918958e-01  -2.7150000e+01  -9.5556365e+02
   1.4000000e-01  -1.1151896e+00  -2.3200000e+01  -9.2788438e+02
   1.4500000e-01  -1.2091896e+00  -1.8800000e+01  -8.8674549e+02
   1.5000000e-01  -1.2739396e+00  -1.2950000e+01  -8.2314936e+02
   1.5500000e-01  -1.3091896e+00  -7.0500000e+00  -6.9595711e+02
   1.6000000e-01  -1.3129396e+00  -7.5000000e-01  -4.1612435e+02
   1.6500000e-01  -1.2791896e+00   6.7500000e+00  -1.0187025e+02
   1.7000000e-01  -1.2081896e+00   1.4200000e+01   3.0591477e+02
   1.7500000e-01  -1.0981896e+00   2.2000000e+01   6.6655432e+02
   1.8000000e-01  -9.5018958e-01   2.9600000e+01   8.7455337e+02
   1.8500000e-01  -7.6943958e-01   3.6150000e+01   1.0346714e+03
   1.9000000e-01  -5.6343958e-01   4.1200000e+01   1.0780659e+03
   1.9500000e-01  -3.3618958e-01   4.5450000e+01   1.0960120e+03
   2.0000000e-01  -9.4439583e-02   4.8350000e+01   1.1057451e+03
   2.0500000e-01   1.5356042e-01   4.9600000e+01   1.1087362e+03
   2.1000000e-01   4.0231042e-01   4.9750000e+01   1.1034896e+03
   2.1500000e-01   6.4256042e-01   4.8050000e+01   1.0930210e+03
   2.2000000e-01   8.6781042e-01   4.5050000e+01   1.0735548e+03
   2.2500000e-01   1.0723104e+00   4.0900000e+01   1.0496021e+03
   2.3000000e-01   1.2508104e+00   3.5700000e+01   1.0189318e+03
   2.3500000e-01   1.3980604e+00   2.9450000e+01   9.7852838e+02
   2.4000000e-01   1.5093104e+00   2.2250000e+01   9.2017881e+02
   2.4500000e-01   1.5818104e+00   1.4500000e+01   8.2441687e+02
   2.5000000e-01   1.6153104e+00   6.7000000e+00   6.1864884e+02
   2.5500000e-01   1.6100604e+00  -1.0500000e+00   2.8269753e+02
   2.6000000e-01   1.5643104e+00  -9.1500000e+00  -4.2025173e+01
   2.6500000e-01   1.4795604e+00  -1.6950000e+01  -4.4905018e+02
   2.7000000e-01   1.3560604e+00  -2.4700000e+01  -7.4832462e+02
   2.7500000e-01   1.1965604e+00  -3.1900000e+01  -9.0694719e+02
   2.8000000e-01   1.0088104e+00  -3.7550000e+01  -1.0580922e+03
   2.8500000e-01   7.9431042e-01  -4.2900000e+01  -1.0827804e+03
   2.9000000e-01   5.6006042e-01  -4.6850000e+01  -1.0962400e+03
   2.9500000e-01   3.1206042e-01  -4.9600000e+01  -1.1022221e+03
   3.0000000e-01   5.5060417e-02  -5.1400000e+01  -1.0984711e+03
   3.0500000e-01  -2.0268958e-01  -5.1550000e+01  -1.0932490e+03
   3.1000000e-01  -4.5443958e-01  -5.0350000e+01  -1.0805249e+03
   3.1500000e-01  -6.9618958e-01  -4.8350000e+01  -1.0648097e+03
   3.2000000e-01  -9.2043958e-01  -4.4850000e+01  -1.0453681e+03
   3.2500000e-01  -1.1211896e+00  -4.0150000e+01  -1.0191598e+03
   3.3000000e-01  -1.2944396e+00  -3.4650000e+01  -9.8775398e+02
   3.3500000e-01  -1.4339396e+00  -2.7900000e+01  -9.4659057e+02
   3.4000000e-01  -1.5346896e+00  -2.0150000e+01  -8.8748099e+02
   3.4500000e-01  -1.5979396e+00  -1.2650000e+01  -7.8799252e+02
   3.5000000e-01  -1.6216896e+00  -4.7500000e+00  -5.5228969e+02
   3.5500000e-01  -1.6034396e+00   3.6500000e+00  -2.1935392e+02
   3.6000000e-01  -1.5439396e+00   1.1900000e+01   1.1958842e+02
   3.6500000e-01  -1.4416896e+00   2.0450000e+01   5.1840036e+02
   3.7000000e-01  -1.2989396e+00   2.8550000e+01   7.7950241e+02
   3.7500000e-01  -1.1219396e+00   3.5400000e+01   9.3214292e+02
   3.8000000e-01  -9.1818958e-01   4.0750000e+01   1.0585997e+03
   3.8500000e-01  -6.9168958e-01   4.5300000e+01   1.0802969e+03
   3.9000000e-01  -4.4818958e-01   4.8700000e+01   1.0945165e+03
   3.9500000e-01  -1.9268958e-01   5.1100000e+01   1.1042496e+03
   4.0000000e-01   6.8310417e-02   5.2200000e+01   1.1079762e+03
   4.0500000e-01   3.2781042e-01   5.1900000e+01   1.1049851e+03
   4.1000000e-01   5.7731042e-01   4.9900000e+01   1.0967475e+03
   4.1500000e-01   8.1156042e-01   4.6850000e+01   1.0802724e+03
   4.2000000e-01   1.0250604e+00   4.2700000e+01   1.0563441e+03
   4.2500000e-01   1.2125604e+00   3.7500000e+01   1.0264093e+03
   4.3000000e-01   1.3703104e+00   3.1550000e+01   9.8600595e+02
   4.3500000e-01   1.4908104e+00   2.4100000e+01   9.3287842e+02
   4.4000000e-01   1.5718104e+00   1.6200000e+01   8.4756057e+02
   4.4500000e-01   1.6130604e+00   8.2500000e+00   6.7172733e+02
   4.5000000e-01   1.6145604e+00   3.0000000e-01   3.4028708e+02
   4.5500000e-01   1.5765604e+00  -7.6000000e+00   1.2597868e+01
   4.6000000e-01   1.4993104e+00  -1.5450000e+01  -3.8393402e+02
   4.6500000e-01   1.3833104e+00  -2.3200000e+01  -7.1314327e+02
   4.7000000e-01   1.2308104e+00  -3.0500000e+01  -8.8000342e+02
   4.7500000e-01   1.0483104e+00  -3.6500000e+01  -1.0319084e+03
   4.8000000e-01   8.3931042e-01  -4.1800000e+01  -1.0805494e+03
   4.8500000e-01   6.0906042e-01  -4.6050000e+01  -1.0932735e+03
   4.9000000e-01   3.6331042e-01  -4.9150000e+01  -1.0999911e+03
   4.9500000e-01   1.0706042e-01  -5.1250000e+01  -1.1037176e+03
   5.0000000e-01  -1.5143958e-01  -5.1700000e+01  -1.0977356e+03
   5.0500000e-01  -4.0468958e-01  -5.0650000e+01  -1.0894980e+03
   5.1000000e-01  -6.4943958e-01  -4.8950000e+01  -1.0760383e+03
   5.1500000e-01  -8.7518958e-01  -4.5150000e+01  -1.0543411e+03
   5.2000000e-01  -1.0789396e+00  -4.0750000e+01  -1.0288929e+03
   5.2500000e-01  -1.2576896e+00  -3.5750000e+01  -9.9895808e+02
   5.3000000e-01  -1.4026896e+00  -2.9000000e+01  -9.6005020e+02
   5.3500000e-01  -1.5126896e+00  -2.2000000e+01  -9.0542716e+02
   5.4000000e-01  -1.5844396e+00  -1.4350000e+01  -8.2086932e+02
   5.4500000e-01  -1.6171896e+00  -6.5500000e+00  -6.2184335e+02
   5.5000000e-01  -1.6096896e+00   1.5000000e+00  -2.8067000e+02
   5.5500000e-01  -1.5584396e+00   1.0250000e+01   5.0770253e+01
   5.6000000e-01  -1.4661896e+00   1.8450000e+01   4.7574143e+02
   5.6500000e-01  -1.3319396e+00   2.6850000e+01   7.7874240e+02
   5.7000000e-01  -1.1609396e+00   3.4200000e+01   9.2988739e+02
   5.7500000e-01  -9.6343958e-01   3.9500000e+01   1.0720593e+03
   5.8000000e-01  -7.4068958e-01   4.4550000e+01   1.0855189e+03
   5.8500000e-01  -5.0018958e-01   4.8100000e+01   1.0975076e+03
   5.9000000e-01  -2.4768958e-01   5.0500000e+01   1.1064806e+03
   5.9500000e-01   1.1810417e-02   5.1900000e+01   1.1079762e+03
   6.0000000e-01   2.7131042e-01   5.1900000e+01   1.1042496e+03
   6.0500000e-01   5.2381042e-01   5.0500000e+01   1.0967475e+03
   6.1000000e-01   7.6181042e-01   4.7600000e+01   1.0825279e+03
   6.1500000e-01   9.8056042e-01   4.3750000e+01   1.0623262e+03
   6.2000000e-01   1.1743104e+00   3.8750000e+01   1.0361179e+03
   6.2500000e-01   1.3383104e+00   3.2800000e+01   9.9797006e+02
   6.3000000e-01   1.4680604e+00   2.5950000e+01   9.4709806e+02
   6.3500000e-01   1.5583104e+00   1.8050000e+01   8.6778678e+02
   6.4000000e-01   1.6078104e+00   9.9000000e+00   7.1740180e+02
   6.4500000e-01   1.6178104e+00   2.0000000e+00   4.1364082e+02
   6.5000000e-01   1.5865604e+00  -6.2500000e+00   8.2936065e+01
   6.5500000e-01   1.5178104e+00  -1.3750000e+01  -2.4477766e+02
   6.6000000e-01   1.4103104e+00  -2.1500000e+01  -5.9193307e+02
   6.6500000e-01   1.2645604e+00  -2.9150000e+01  -7.8647249e+02
   6.7000000e-01   1.0883104e+00  -3.5250000e+01  -9.4060851e+02
   6.7500000e-01   8.8306042e-01  -4.1050000e+01  -1.0648097e+03
   6.8000000e-01   6.5581042e-01  -4.5450000e+01  -1.0902580e+03
   6.8500000e-01   4.1306042e-01  -4.8550000e+01  -1.1014866e+03
   6.9000000e-01   1.5981042e-01  -5.0650000e+01  -1.1052131e+03
   6.9500000e-01  -9.8939583e-02  -5.1750000e+01  -1.1052131e+03
   7.0000000e-01  -3.5393958e-01  -5.1000000e+01  -1.0999666e+03
   7.0500000e-01  -6.0018958e-01  -4.9250000e+01  -1.0849869e+03
   7.1000000e-01  -8.3068958e-01  -4.6100000e+01  -1.0640497e+03
   7.1500000e-01  -1.0396896e+00  -4.1800000e+01  -1.0363704e+03
   7.2000000e-01  -1.2234396e+00  -3.6750000e+01  -1.0027091e+03
   7.2500000e-01  -1.3761896e+00  -3.0550000e+01  -9.6456125e+02
   7.3000000e-01  -1.4951896e+00  -2.3800000e+01  -9.1216923e+02
   7.3500000e-01  -1.5736896e+00  -1.5700000e+01  -8.3361796e+02
   7.4000000e-01  -1.6134396e+00  -7.9500000e+00  -6.6526230e+02
   7.4500000e-01  -1.6134396e+00   0.0000000e+00  -3.3531756e+02
   7.5000000e-01  -1.5699396e+00   8.7000000e+00  -4.6128030e+00
   7.5500000e-01  -1.4851896e+00   1.6950000e+01   3.8968808e+02
   7.6000000e-01  -1.3599396e+00   2.5050000e+01   7.2188835e+02
   7.6500000e-01  -1.1974396e+00   3.2500000e+01   8.8649297e+02
   7.7000000e-01  -1.0059396e+00   3.8300000e+01   1.0293759e+03
   7.7500000e-01  -7.8943958e-01   4.3300000e+01   1.0817679e+03
   7.8000000e-01  -5.5218958e-01   4.7450000e+01   1.0989786e+03
   7.8500000e-01  -2.9968958e-01   5.0500000e+01   1.1094717e+03
   7.9000000e-01  -3.9439583e-02   5.2050000e+01   1.1169738e+03
   7.9500000e-01   2.2081042e-01   5.2050000e+01   1.1139827e+03
   8.0000000e-01   4.7481042e-01   5.0800000e+01   1.1042496e+03
   8.0500000e-01   7.1456042e-01   4.7950000e+01   1.0907655e+03
   8.1000000e-01   9.3581042e-01   4.4250000e+01   1.0705638e+03
   8.1500000e-01   1.1340604e+00   3.9650000e+01   1.0451155e+03
   8.2000000e-01   1.3043104e+00   3.4050000e+01   1.0114542e+03
   8.2500000e-01   1.4415604e+00   2.7450000e+01   9.6283774e+02
   8.3000000e-01   1.5415604e+00   2.0000000e+01   8.9100402e+02
   8.3500000e-01   1.6013104e+00   1.1950000e+01   7.6231626e+02
   8.4000000e-01   1.6195604e+00   3.6500000e+00   4.8846556e+02
   8.4500000e-01   1.5973104e+00  -4.4500000e+00   1.4802770e+02
   8.5000000e-01   1.5353104e+00  -1.2400000e+01  -1.7294395e+02
   8.5500000e-01   1.4345604e+00  -2.0150000e+01  -5.5528072e+02
   8.6000000e-01   1.2973104e+00  -2.7450000e+01  -7.8122593e+02
   8.6500000e-01   1.1273104e+00  -3.4000000e+01  -9.2937990e+02
   8.7000000e-01   9.2906042e-01  -3.9650000e+01  -1.0722873e+03
   8.7500000e-01   7.0706042e-01  -4.4400000e+01  -1.0880025e+03
   8.8000000e-01   4.6506042e-01  -4.8400000e+01  -1.1022221e+03
   8.8500000e-01   2.1181042e-01  -5.0650000e+01  -1.1096997e+03
   8.9000000e-01  -4.6939583e-02  -5.1750000e+01  -1.1082042e+03
   8.9500000e-01  -3.0268958e-01  -5.1150000e+01  -1.1037176e+03
   9.0000000e-01  -5.4993958e-01  -4.9450000e+01  -1.0932490e+03
   9.0500000e-01  -7.8418958e-01  -4.6850000e+01  -1.0737828e+03
   9.1000000e-01  -9.9918958e-01  -4.3000000e+01  -1.0498546e+03
   9.1500000e-01  -1.1899396e+00  -3.8150000e+01  -1.0169288e+03
   9.2000000e-01  -1.3509396e+00  -3.2200000e+01  -9.7652537e+02
   9.2500000e-01  -1.4769396e+00  -2.5200000e+01  -9.2565337e+02
   9.3000000e-01  -1.5639396e+00  -1.7400000e+01  -8.4933312e+02
   9.3500000e-01  -1.6119396e+00  -9.6000000e+00  -7.0642571e+02
   9.4000000e-01  -1.6194396e+00  -1.5000000e+00  -4.0416024e+02
   9.4500000e-01  -1.5841896e+00   7.0500000e+00  -7.3455486e+01
   9.5000000e-01  -1.5071896e+00   1.5400000e+01   2.6249583e+02
   9.5500000e-01  -1.3896896e+00   2.3500000e+01   6.1489779e+02
   9.6000000e-01  -1.2349396e+00   3.0950000e+01   8.0644619e+02
   9.6500000e-01  -1.0489396e+00   3.7200000e+01   9.5533565e+02
   9.7000000e-01  -8.3768958e-01   4.2250000e+01   1.0705638e+03
   9.7500000e-01  -6.0493958e-01   4.6550000e+01   1.0960120e+03
   9.8000000e-01  -3.5543958e-01   4.9900000e+01   1.1109672e+03
   9.8500000e-01  -9.6689583e-02   5.1750000e+01   1.1192048e+03
   9.9000000e-01   1.6506042e-01   5.2350000e+01   1.1214358e+03
   9.9500000e-01   4.2131042e-01   5.1250000e+01   1.1161892e+03
   1.0000000e+00   6.6631042e-01   4.9000000e+01   1.1027296e+03
   1.0050000e+00   8.9356042e-01   4.5450000e+01   1.0825279e+03
   1.0100000e+00   1.0973104e+00   4.0750000e+01   1.0533531e+03
   1.0150000e+00   1.2743104e+00   3.5400000e+01   1.0167008e+03
   1.0200000e+00   1.4185604e+00   2.8850000e+01   9.6955529e+02
   1.0250000e+00   1.5255604e+00   2.1400000e+01   9.0370364e+02
   1.0300000e+00   1.5928104e+00   1.3450000e+01   7.9445756e+02
   1.0350000e+00   1.6188104e+00   5.2000000e+00   5.5725921e+02
   1.0400000e+00   1.6050604e+00  -2.7500000e+00   2.0635276e+02
   1.0450000e+00   1.5508104e+00  -1.0850000e+01  -1.1687443e+02
   1.0500000e+00   1.4583104e+00  -1.8500000e+01  -4.8197601e+02
   1.0550000e+00   1.3285604e+00  -2.5950000e+01  -7.4832462e+02
   1.0600000e+00   1.1645604e+00  -3.2800000e+01  -8.9272754e+02
   1.0650000e+00   9.7156042e-01  -3.8600000e+01  -1.0393615e+03
   1.0700000e+00   7.5331042e-01  -4.3650000e+01  -1.0939845e+03
   1.0750000e+00   5.1606042e-01  -4.7450000e+01  -1.1096997e+03
   1.0800000e+00   2.6506042e-01  -5.0200000e+01  -1.1141862e+03
   1.0850000e+00   7.0604167e-03  -5.1600000e+01  -1.1156817e+03
   1.0900000e+00  -2.5068958e-01  -5.1550000e+01  -1.1096997e+03
   1.0950000e+00  -5.0168958e-01  -5.0200000e+01  -1.0969755e+03
   1.1000000e+00  -7.3993958e-01  -4.7650000e+01  -1.0812604e+03
   1.1050000e+00  -9.5968958e-01  -4.3950000e+01  -1.0580677e+03
   1.1100000e+00  -1.1549396e+00  -3.9050000e+01  -1.0273974e+03
   1.1150000e+00  -1.3211896e+00  -3.3250000e+01  -9.9074501e+02
   1.1200000e+00  -1.4531896e+00  -2.6400000e+01  -9.4210403e+02
   1.1250000e+00  -1.5484396e+00  -1.9050000e+01  -8.7328586e+02
   1.1300000e+00  -1.6056896e+00  -1.1450000e+01  -7.5433120e+02
   1.1350000e+00  -1.6231896e+00  -3.5000000e+00  -4.8347152e+02
   1.1400000e+00  -1.5986896e+00   4.9000000e+00  -1.4904024e+02
   1.1450000e+00  -1.5309396e+00   1.3550000e+01   1.7943350e+02
   1.1500000e+00  -1.4211896e+00   2.1950000e+01   5.7074335e+02
   1.1550000e+00  -1.2724396e+00   2.9750000e+01   7.9894410e+02
   1.1600000e+00  -1.0909396e+00   3.6300000e+01   9.5008909e+02
   1.1650000e+00  -8.8318958e-01   4.1550000e+01   1.0870144e+03
   1.1700000e+00  -6.5343958e-01   4.5950000e+01   1.1012341e+03
   1.1750000e+00  -4.0718958e-01   4.9250000e+01   1.1139582e+03
   1.1800000e+00  -1.5068958e-01   5.1300000e+01   1.1229313e+03
   1.1850000e+00   1.0931042e-01   5.2000000e+01   1.1229313e+03
   1.1900000e+00   3.6706042e-01   5.1550000e+01   1.1192048e+03
   1.1950000e+00   6.1506042e-01   4.9600000e+01   1.1094717e+03
   1.2000000e+00   8.4556042e-01   4.6100000e+01   1.0900300e+03
   1.2050000e+00   1.0560604e+00   4.2100000e+01   1.0653417e+03
   1.2100000e+00   1.2393104e+00   3.6650000e+01   1.0316559e+03
   1.2150000e+00   1.3903104e+00   3.0200000e+01   9.9049249e+02
   1.2200000e+00   1.5053104e+00   2.3000000e+01   9.3211841e+02
   1.2250000e+00   1.5803104e+00   1.5000000e+01   8.3410094e+02
   1.2300000e+00   1.6153104e+00   7.0000000e+00   6.2835742e+02
   1.2350000e+00   1.6100604e+00  -1.0500000e+00   2.7595545e+02
   1.2400000e+00   1.5643104e+00  -9.1500000e+00  -5.5484800e+01
   1.2450000e+00   1.4795604e+00  -1.6950000e+01  -3.6897888e+02
   1.2500000e+00   1.3560604e+00  -2.4700000e+01  -6.6077575e+02
   1.2550000e+00   1.1988104e+00  -3.1450000e+01  -8.0740969e+02
   1.2600000e+00   1.0110604e+00  -3.7550000e+01  -9.5556365e+02
   1.2650000e+00   7.9731042e-01  -4.2750000e+01  -1.0797649e+03
   1.2700000e+00   5.6381042e-01  -4.6700000e+01  -1.1059486e+03
   1.2750000e+00   3.1531042e-01  -4.9700000e+01  -1.1179127e+03
   1.2800000e+00   5.9060417e-02  -5.1250000e+01  -1.1209038e+03
   1.2850000e+00  -1.9793958e-01  -5.1400000e+01  -1.1164172e+03
   1.2900000e+00  -4.4968958e-01  -5.0350000e+01  -1.1059486e+03
   1.2950000e+00  -6.9093958e-01  -4.8250000e+01  -1.0872424e+03
   1.3000000e+00  -9.1443958e-01  -4.4700000e+01  -1.0632897e+03
   1.3050000e+00  -1.1144396e+00  -4.0000000e+01  -1.0348749e+03
   1.3100000e+00  -1.2876896e+00  -3.4650000e+01  -1.0012136e+03
   1.3150000e+00  -1.4286896e+00  -2.8200000e+01  -9.5781918e+02
   1.3200000e+00  -1.5324396e+00  -2.0750000e+01  -8.9422306e+02
   1.3250000e+00  -1.5979396e+00  -1.3100000e+01  -7.9171905e+02
   1.3300000e+00  -1.6231896e+00  -5.0500000e+00  -5.5604073e+02
   1.3350000e+00  -1.6056896e+00   3.5000000e+00  -2.1263637e+02
   1.3400000e+00  -1.5461896e+00   1.1900000e+01   1.1431734e+02
   1.3450000e+00  -1.4454396e+00   2.0150000e+01   5.0263617e+02
   1.3500000e+00  -1.3049396e+00   2.8100000e+01   7.7050481e+02
   1.3550000e+00  -1.1316896e+00   3.4650000e+01   9.2314532e+02
   1.3600000e+00  -9.2943958e-01   4.0450000e+01   1.0683083e+03
   1.3650000e+00  -7.0443958e-01   4.5000000e+01   1.1072161e+03
   1.3700000e+00  -4.6193958e-01   4.8500000e+01   1.1251623e+03
   1.3750000e+00  -2.0718958e-01   5.0950000e+01   1.1319044e+03
   1.3800000e+00   5.2810417e-02   5.2000000e+01   1.1341354e+03
   1.3850000e+00   3.1131042e-01   5.1700000e+01   1.1281533e+03
   1.3900000e+00   5.6231042e-01   5.0200000e+01   1.1124382e+03
   1.3950000e+00   7.9956042e-01   4.7450000e+01   1.0937320e+03
   1.4000000e+00   1.0148104e+00   4.3050000e+01   1.0675482e+03
   1.4050000e+00   1.2048104e+00   3.8000000e+01   1.0376134e+03
   1.4100000e+00   1.3620604e+00   3.1450000e+01   1.0002256e+03
   1.4150000e+00   1.4833104e+00   2.4250000e+01   9.4560255e+02
   1.4200000e+00   1.5665604e+00   1.6650000e+01   8.5731818e+02
   1.4250000e+00   1.6093104e+00   8.5500000e+00   6.7925393e+02
   1.4300000e+00   1.6138104e+00   9.0000000e-01   3.4479814e+02
   1.4350000e+00   1.5780604e+00  -7.1500000e+00   7.3513100e+00
   1.4400000e+00   1.5008104e+00  -1.5450000e+01  -3.0089622e+02
   1.4450000e+00   1.3855604e+00  -2.3050000e+01  -6.3758303e+02
   1.4500000e+00   1.2353104e+00  -3.0050000e+01  -8.0218765e+02
   1.4550000e+00   1.0520604e+00  -3.6650000e+01  -9.4882158e+02
   1.4600000e+00   8.4381042e-01  -4.1650000e+01  -1.0887380e+03
   1.4650000e+00   6.1431042e-01  -4.5900000e+01  -1.1029576e+03
   1.4700000e+00   3.6706042e-01  -4.9450000e+01  -1.1179127e+03
   1.4750000e+00   1.1231042e-01  -5.0950000e+01  -1.1246548e+03
   1.4800000e+00  -1.4468958e-01  -5.1400000e+01  -1.1209283e+03
   1.4850000e+00  -3.9943958e-01  -5.0950000e+01  -1.1104597e+03
   1.4900000e+00  -6.4268958e-01  -4.8650000e+01  -1.0932490e+03
   1.4950000e+00  -8.7068958e-01  -4.5600000e+01  -1.0692963e+03
   1.5000000e+00  -1.0766896e+00  -4.1200000e+01  -1.0408570e+03
   1.5050000e+00  -1.2554396e+00  -3.5750000e+01  -1.0071711e+03
   1.5100000e+00  -1.4026896e+00  -2.9450000e+01  -9.6603225e+02
   1.5150000e+00  -1.5141896e+00  -2.2300000e+01  -9.0768268e+02
   1.5200000e+00  -1.5874396e+00  -1.4650000e+01  -8.1939832e+02
   1.5250000e+00  -1.6201896e+00  -6.5500000e+00  -6.1887684e+02
   1.5300000e+00  -1.6134396e+00   1.3500000e+00  -2.7694347e+02
   1.5350000e+00  -1.5631896e+00   1.0050000e+01   5.0034754e+01
   1.5400000e+00  -1.4701896e+00   1.8600000e+01   4.0020571e+02
   1.5450000e+00  -1.3381896e+00   2.6400000e+01   6.9722462e+02
   1.5500000e+00  -1.1709396e+00   3.3450000e+01   8.5136064e+02
   1.5550000e+00  -9.7468958e-01   3.9250000e+01   1.0009856e+03
   1.5600000e+00  -7.5493958e-01   4.3950000e+01   1.0915010e+03
   1.5650000e+00  -5.1543958e-01   4.7900000e+01   1.1154537e+03
   1.5700000e+00  -2.6143958e-01   5.0800000e+01   1.1289134e+03
   1.5750000e+00  -6.8958333e-04   5.2150000e+01   1.1326644e+03
   1.5800000e+00   2.5956042e-01   5.2050000e+01   1.1304334e+03
   1.5850000e+00   5.1306042e-01   5.0700000e+01   1.1192048e+03
   1.5900000e+00   7.5256042e-01   4.7900000e+01   1.0990031e+03
   1.5950000e+00   9.7231042e-01   4.3950000e+01   1.0765458e+03
   1.6000000e+00   1.1668104e+00   3.8900000e+01   1.0458510e+03
   1.6050000e+00   1.3308104e+00   3.2800000e+01   1.0091987e+03
   1.6100000e+00   1.4598104e+00   2.5800000e+01   9.5832668e+02
   1.6150000e+00   1.5515604e+00   1.8350000e+01   8.7827990e+02
   1.6200000e+00   1.6025604e+00   1.0200000e+01   7.2715942e+02
   1.6250000e+00   1.6148104e+00   2.4500000e+00   4.2263842e+02
   1.6300000e+00   1.5865604e+00  -5.6500000e+00   7.9945037e+01
   1.6350000e+00   1.5170604e+00  -1.3900000e+01  -2.3205353e+02
   1.6400000e+00   1.4110604e+00  -2.1200000e+01  -5.8820654e+02
   1.6450000e+00   1.2668104e+00  -2.8850000e+01  -7.8948804e+02
   1.6500000e+00   1.0913104e+00  -3.5100000e+01  -9.3688199e+02
   1.6550000e+00   8.8906042e-01  -4.0450000e+01  -1.0820449e+03
   1.6600000e+00   6.6331042e-01  -4.5150000e+01  -1.1067332e+03
   1.6650000e+00   4.2056042e-01  -4.8550000e+01  -1.1186973e+03
   1.6700000e+00   1.6731042e-01  -5.0650000e+01  -1.1254148e+03
   1.6750000e+00  -9.0439583e-02  -5.1550000e+01  -1.1254148e+03
   1.6800000e+00  -3.4618958e-01  -5.1150000e+01  -1.1156817e+03
   1.6850000e+00  -5.9168958e-01  -4.9100000e+01  -1.0999666e+03
   1.6900000e+00  -8.2293958e-01  -4.6250000e+01  -1.0782694e+03
   1.6950000e+00  -1.0344396e+00  -4.2300000e+01  -1.0520856e+03
   1.7000000e+00  -1.2196896e+00  -3.7050000e+01  -1.0191598e+03
   1.7050000e+00  -1.3754396e+00  -3.1150000e+01  -9.8101191e+02
   1.7100000e+00  -1.4951896e+00  -2.3950000e+01  -9.2940441e+02
   1.7150000e+00  -1.5759396e+00  -1.6150000e+01  -8.5082863e+02
   1.7200000e+00  -1.6179396e+00  -8.4000000e+00  -6.8472850e+02
   1.7250000e+00  -1.6179396e+00   0.0000000e+00  -3.5625476e+02
   1.7300000e+00  -1.5774396e+00   8.1000000e+00  -2.5550001e+01
   1.7350000e+00  -1.4936896e+00   1.6750000e+01   3.0589025e+02
   1.7400000e+00  -1.3694396e+00   2.4850000e+01   6.4480808e+02
   1.7450000e+00  -1.2091896e+00   3.2050000e+01   8.1463474e+02
   1.7500000e+00  -1.0176896e+00   3.8300000e+01   9.6727525e+02
   1.7550000e+00  -8.0168958e-01   4.3200000e+01   1.0899810e+03
   1.7600000e+00  -5.6593958e-01   4.7150000e+01   1.1079516e+03
   1.7650000e+00  -3.1418958e-01   5.0350000e+01   1.1214358e+03
   1.7700000e+00  -5.4939583e-02   5.1850000e+01   1.1296734e+03
   1.7750000e+00   2.0456042e-01   5.1900000e+01   1.1304334e+03
   1.7800000e+00   4.6031042e-01   5.1150000e+01   1.1266823e+03
   1.7850000e+00   7.0231042e-01   4.8400000e+01   1.1139582e+03
   1.7900000e+00   9.2681042e-01   4.4900000e+01   1.0944920e+03
   1.7950000e+00   1.1273104e+00   4.0100000e+01   1.0660527e+03
   1.8000000e+00   1.2980604e+00   3.4150000e+01   1.0301359e+03
   1.8050000e+00   1.4360604e+00   2.7600000e+01   9.8375042e+02
   1.8100000e+00   1.5343104e+00   1.9650000e+01   9.1044571e+02
   1.8150000e+00   1.5955604e+00   1.2250000e+01   7.8099793e+02
   1.8200000e+00   1.6170604e+00   4.3000000e+00   5.0790724e+02
   1.8250000e+00   1.5973104e+00  -3.9500000e+00   1.5400976e+02
   1.8300000e+00   1.5378104e+00  -1.1900000e+01  -1.6249987e+02
   1.8350000e+00   1.4378104e+00  -2.0000000e+01  -4.9693115e+02
   1.8400000e+00   1.3005604e+00  -2.7450000e+01  -7.2961844e+02
   1.8450000e+00   1.1288104e+00  -3.4350000e+01  -8.7551687e+02
   1.8500000e+00   9.3131042e-01  -3.9500000e+01  -1.0273974e+03
   1.8550000e+00   7.1006042e-01  -4.4250000e+01  -1.0977356e+03
   1.8600000e+00   4.7031042e-01  -4.7950000e+01  -1.1171772e+03
   1.8650000e+00   2.1931042e-01  -5.0200000e+01  -1.1231593e+03
   1.8700000e+00  -3.8689583e-02  -5.1600000e+01  -1.1231593e+03
   1.8750000e+00  -2.9593958e-01  -5.1450000e+01  -1.1156817e+03
   1.8800000e+00  -5.4543958e-01  -4.9900000e+01  -1.0984711e+03
   1.8850000e+00  -7.8118958e-01  -4.7150000e+01  -1.0775339e+03
   1.8900000e+00  -9.9618958e-01  -4.3000000e+01  -1.0528456e+03
   1.8950000e+00  -1.1869396e+00  -3.8150000e+01  -1.0236463e+03
   1.9000000e+00  -1.3479396e+00  -3.2200000e+01  -9.8775398e+02
   1.9050000e+00  -1.4746896e+00  -2.5350000e+01  -9.3761748e+02
   1.9100000e+00  -1.5631896e+00  -1.7700000e+01  -8.6352824e+02
   1.9150000e+00  -1.6119396e+00  -9.7500000e+00  -7.2363638e+02
   1.9200000e+00  -1.6209396e+00  -1.8000000e+00  -4.2210641e+02
   1.9250000e+00  -1.5881896e+00   6.5500000e+00  -9.2161671e+01
   1.9300000e+00  -1.5134396e+00   1.4950000e+01   2.3329653e+02
   1.9350000e+00  -1.3981896e+00   2.3050000e+01   6.1340228e+02
   1.9400000e+00  -1.2449396e+00   3.0650000e+01   8.1242824e+02
   1.9450000e+00  -1.0594396e+00   3.7100000e+01   9.6732428e+02
   1.9500000e+00  -8.4818958e-01   4.2250000e+01   1.1019941e+03
   1.9550000e+00  -6.1543958e-01   4.6550000e+01   1.1102072e+03
   1.9600000e+00  -3.6593958e-01   4.9900000e+01   1.1221713e+03
   1.9650000e+00  -1.0718958e-01   5.1750000e+01   1.1311444e+03
   1.9700000e+00   1.5381042e-01   5.2200000e+01   1.1319044e+03
   1.9750000e+00   4.1081042e-01   5.1400000e+01   1.1244268e+03
   1.9800000e+00   6.5506042e-01   4.8850000e+01   1.1131982e+03
   1.9850000e+00   8.8156042e-01   4.5300000e+01   1.0944920e+03
   1.9900000e+00   1.0868104e+00   4.1050000e+01   1.0690438e+03
   1.9950000e+00   1.2638104e+00   3.5400000e+01   1.0361179e+03
   2.0000000e+00   1.4095604e+00   2.9150000e+01   9.9122799e+02
   2.0050000e+00   1.5185604e+00   2.1800000e+01   9.2537633e+02
   2.0100000e+00   1.5865604e+00   1.3600000e+01   8.1164371e+02
   2.0150000e+00   1.6163104e+00   5.9500000e+00   5.7373438e+02
   2.0200000e+00   1.6040604e+00  -2.4500000e+00   2.1760589e+02
   2.0250000e+00   1.5523104e+00  -1.0350000e+01  -1.0486128e+02
   2.0300000e+00   1.4613104e+00  -1.8200000e+01  -4.1536434e+02
   2.0350000e+00   1.3315604e+00  -2.5950000e+01  -6.7798643e+02
   2.0400000e+00   1.1683104e+00  -3.2650000e+01  -8.2165385e+02
   2.0450000e+00   9.7606042e-01  -3.8450000e+01  -9.7502985e+02
   2.0500000e+00   7.5881042e-01  -4.3450000e+01  -1.0880025e+03
   2.0550000e+00   5.2231042e-01  -4.7300000e+01  -1.1119552e+03
   2.0600000e+00   2.7281042e-01  -4.9900000e+01  -1.1209283e+03
   2.0650000e+00   1.5560417e-02  -5.1450000e+01  -1.1216883e+03
   2.0700000e+00  -2.4093958e-01  -5.1300000e+01  -1.1164417e+03
   2.0750000e+00  -4.9268958e-01  -5.0350000e+01  -1.1067086e+03
   2.0800000e+00  -7.3143958e-01  -4.7750000e+01  -1.0887380e+03
   2.0850000e+00  -9.5118958e-01  -4.3950000e+01  -1.0662807e+03
   2.0900000e+00  -1.1494396e+00  -3.9650000e+01  -1.0363459e+03
   2.0950000e+00  -1.3164396e+00  -3.3400000e+01  -9.9969358e+02
   2.1000000e+00  -1.4509396e+00  -2.6900000e+01  -9.5330812e+02
   2.1050000e+00  -1.5484396e+00  -1.9500000e+01  -8.8748099e+02
   2.1100000e+00  -1.6056896e+00  -1.1450000e+01  -7.7227736e+02
   2.1150000e+00  -1.6239396e+00  -3.6500000e+00  -5.0590423e+02
   2.1200000e+00  -1.6001896e+00   4.7500000e+00  -1.6848192e+02
   2.1250000e+00  -1.5339396e+00   1.3250000e+01   1.5773629e+02
   2.1300000e+00  -1.4264396e+00   2.1500000e+01   5.4382410e+02
   2.1350000e+00  -1.2791896e+00   2.9450000e+01   7.8173343e+02
   2.1400000e+00  -1.0999396e+00   3.5850000e+01   9.3662946e+02
   2.1450000e+00  -8.9318958e-01   4.1350000e+01   1.0765458e+03
   2.1500000e+00  -6.6418958e-01   4.5800000e+01   1.1027296e+03
   2.1550000e+00  -4.2093958e-01   4.8650000e+01   1.1139582e+03
   2.1600000e+00  -1.7143958e-01   4.9900000e+01   1.1199403e+03
   2.1650000e+00   7.7310417e-02   4.9750000e+01   1.1207003e+03
   2.1700000e+00   3.1531042e-01   4.7600000e+01   1.1094717e+03
   2.1750000e+00   5.3656042e-01   4.4250000e+01   1.0915255e+03
   2.1800000e+00   7.3731042e-01   4.0150000e+01   1.0660772e+03
   2.1850000e+00   9.0981042e-01   3.4500000e+01   1.0323914e+03
   2.1900000e+00   1.0525604e+00   2.8550000e+01   9.9198800e+02
   2.1950000e+00   1.1593104e+00   2.1350000e+01   9.3660495e+02
   2.2000000e+00   1.2310604e+00   1.4350000e+01   8.4981609e+02
   2.2050000e+00   1.2668104e+00   7.1500000e+00   6.8597149e+02
   2.2100000e+00   1.2698104e+00   6.0000000e-01   3.8968808e+02
   2.2150000e+00   1.2423104e+00  -5.5000000e+00   6.7980924e+01
   2.2200000e+00   1.1850604e+00  -1.1450000e+01  -2.0510976e+02
   2.2250000e+00   1.1005604e+00  -1.6900000e+01  -4.1609984e+02
   2.2300000e+00   9.9131042e-01  -2.1850000e+01  -6.0316169e+02
   2.2350000e+00   8.6481042e-01  -2.5300000e+01  -7.4457358e+02
   2.2400000e+00   7.2356042e-01  -2.8250000e+01  -8.9870960e+02
   2.2450000e+00   5.7381042e-01  -2.9950000e+01  -1.0296529e+03
   2.2500000e+00   4.2056042e-01  -3.0650000e+01  -1.0371305e+03
   2.2550000e+00   2.6556042e-01  -3.1000000e+01  -1.0393860e+03
   2.2600000e+00   1.1831042e-01  -2.9450000e+01  -1.0356350e+03
   2.2650000e+00  -1.9689583e-02  -2.7600000e+01  -1.0244063e+03
   2.2700000e+00  -1.4493958e-01  -2.5050000e+01  -1.0079312e+03
   2.2750000e+00  -2.5318958e-01  -2.1650000e+01  -9.8696945e+02
   2.2800000e+00  -3.4393958e-01  -1.8150000e+01  -9.5553914e+02
   2.2850000e+00  -4.1493958e-01  -1.4200000e+01  -9.1364022e+02
   2.2900000e+00  -4.6593958e-01  -1.0200000e+01  -8.6053721e+02
   2.2950000e+00  -4.9718958e-01  -6.2500000e+00  -7.9022353e+02
   2.3000000e+00  -5.1318958e-01  -3.2000000e+00  -6.8249748e+02
   2.3050000e+00  -5.1393958e-01  -1.5000000e-01  -5.0516874e+02
   2.3100000e+00  -5.0168958e-01   2.4500000e+00  -2.5826181e+02
   2.3150000e+00  -4.7818958e-01   4.7000000e+00  -2.3318988e+01
   2.3200000e+00  -4.4093958e-01   7.4500000e+00   1.5400976e+02
   2.3250000e+00  -3.9593958e-01   9.0000000e+00   2.4678067e+02
   2.3300000e+00  -3.4568958e-01   1.0050000e+01   2.5276273e+02
   2.3350000e+00  -2.9368958e-01   1.0400000e+01   2.4751617e+02
   2.3400000e+00  -2.4543958e-01   9.6500000e+00   2.5050720e+02
   2.3450000e+00  -2.0193958e-01   8.7000000e+00   2.5874478e+02
   2.3500000e+00  -1.6593958e-01   7.2000000e+00   2.7745097e+02
   2.3550000e+00  -1.3768958e-01   5.6500000e+00   3.0888128e+02
   2.3600000e+00  -1.1643958e-01   4.2500000e+00   3.4553364e+02
   2.3650000e+00  -1.0043958e-01   3.2000000e+00   3.7693943e+02
   2.3700000e+00  -8.8439583e-02   2.4000000e+00   3.9265459e+02
   2.3750000e+00  -7.6939583e-02   2.3000000e+00   3.8892806e+02
   2.3800000e+00  -6.7689583e-02   1.8500000e+00   3.7321290e+02
   2.3850000e+00  -5.9939583e-02   1.5500000e+00   3.5151569e+02
   2.3900000e+00  -5.1439583e-02   1.7000000e+00   3.2908298e+02
