   0.0000000e+00  -2.6156111e-02  -1.2000000e+00  -9.0296201e+01
   5.0000000e-03  -3.5156111e-02  -1.8000000e+00  -1.1498444e+02
   1.0000000e-02  -4.6406111e-02  -2.2500000e+00  -1.2398204e+02
   1.5000000e-02  -5.7156111e-02  -2.1500000e+00  -1.1424894e+02
   2.0000000e-02  -6.5656111e-02  -1.7000000e+00  -1.0152482e+02
   2.5000000e-02  -6.7906111e-02  -4.5000000e-01  -6.4872461e+01
   3.0000000e-02  -6.4156111e-02   7.5000000e-01  -1.6231477e+01
   3.5000000e-02  -4.8906111e-02   3.0500000e+00   3.3905021e+01
   4.0000000e-02  -2.2156111e-02   5.3500000e+00   8.3281504e+01
   4.5000000e-02   1.5093889e-02   7.4500000e+00   1.1395180e+02
   5.0000000e-02   6.6843889e-02   1.0350000e+01   1.3564902e+02
   5.5000000e-02   1.2884389e-01   1.2400000e+01   1.5285969e+02
   6.0000000e-02   1.9909389e-01   1.4050000e+01   1.7306138e+02
   6.5000000e-02   2.7684389e-01   1.5550000e+01   1.8654553e+02
   7.0000000e-02   3.5634389e-01   1.5900000e+01   1.9252759e+02
   7.5000000e-02   4.3634389e-01   1.6000000e+01   1.9252759e+02
   8.0000000e-02   5.1259389e-01   1.5250000e+01   1.8279449e+02
   8.5000000e-02   5.8134389e-01   1.3750000e+01   1.7230137e+02
   9.0000000e-02   6.4009389e-01   1.1750000e+01   1.5808173e+02
   9.5000000e-02   6.8359389e-01   8.7000000e+00   1.4087106e+02
   1.0000000e-01   7.1109389e-01   5.5000000e+00   1.1468730e+02
   1.0500000e-01   7.2034389e-01   1.8500000e+00   6.6806332e+01
   1.1000000e-01   7.0884389e-01  -2.3000000e+00   1.1447793e+01
   1.1500000e-01   6.7684389e-01  -6.4000000e+00  -4.3935263e+01
   1.2000000e-01   6.2184389e-01  -1.1000000e+01  -9.5567275e+01
   1.2500000e-01   5.4009389e-01  -1.6350000e+01  -1.3371514e+02
   1.3000000e-01   4.3484389e-01  -2.1050000e+01  -1.6514546e+02
   1.3500000e-01   3.0509389e-01  -2.5950000e+01  -1.9282473e+02
   1.4000000e-01   1.5409389e-01  -3.0200000e+01  -2.1153091e+02
   1.4500000e-01  -1.2156111e-02  -3.3250000e+01  -2.1827298e+02
   1.5000000e-01  -1.9065611e-01  -3.5700000e+01  -2.1751297e+02
   1.5500000e-01  -3.7615611e-01  -3.7100000e+01  -2.1302643e+02
   1.6000000e-01  -5.6315611e-01  -3.7400000e+01  -2.0704437e+02
   1.6500000e-01  -7.4790611e-01  -3.6950000e+01  -2.0179781e+02
   1.7000000e-01  -9.2340611e-01  -3.5100000e+01  -1.9581575e+02
   1.7500000e-01  -1.0874061e+00  -3.2800000e+01  -1.8757817e+02
   1.8000000e-01  -1.2314061e+00  -2.8800000e+01  -1.8007608e+02
   1.8500000e-01  -1.3496561e+00  -2.3650000e+01  -1.6735195e+02
   1.9000000e-01  -1.4389061e+00  -1.7850000e+01  -1.4864577e+02
   1.9500000e-01  -1.4906561e+00  -1.0350000e+01  -1.0299581e+02
   2.0000000e-01  -1.5036561e+00  -2.6000000e+00  -4.2415232e+01
   2.0500000e-01  -1.4739061e+00   5.9500000e+00   2.3411906e+01
   2.1000000e-01  -1.3999061e+00   1.4800000e+01   8.9239044e+01
   2.1500000e-01  -1.2831561e+00   2.3350000e+01   1.3861553e+02
   2.2000000e-01  -1.1276561e+00   3.1100000e+01   1.7602790e+02
   2.2500000e-01  -9.4065611e-01   3.7400000e+01   2.0221165e+02
   2.3000000e-01  -7.2715611e-01   4.2700000e+01   2.2018234e+02
   2.3500000e-01  -4.9365611e-01   4.6700000e+01   2.2466888e+02
   2.4000000e-01  -2.4640611e-01   4.9450000e+01   2.2317337e+02
   2.4500000e-01   9.8438889e-03   5.1250000e+01   2.2018234e+02
   2.5000000e-01   2.6634389e-01   5.1300000e+01   2.1719131e+02
   2.5500000e-01   5.1659389e-01   5.0050000e+01   2.1044924e+02
   2.6000000e-01   7.5384389e-01   4.7450000e+01   2.0074065e+02
   2.6500000e-01   9.7209389e-01   4.3650000e+01   1.8953656e+02
   2.7000000e-01   1.1665939e+00   3.8900000e+01   1.7531691e+02
   2.7500000e-01   1.3313439e+00   3.2950000e+01   1.6335280e+02
   2.8000000e-01   1.4625939e+00   2.6250000e+01   1.5062867e+02
   2.8500000e-01   1.5550939e+00   1.8500000e+01   1.2966696e+02
   2.9000000e-01   1.6060939e+00   1.0200000e+01   8.5512517e+01
   2.9500000e-01   1.6175939e+00   2.3000000e+00   3.0153978e+01
   3.0000000e-01   1.5878439e+00  -5.9500000e+00  -3.1211135e+01
   3.0500000e-01   1.5198439e+00  -1.3600000e+01  -8.6569674e+01
   3.1000000e-01   1.4145939e+00  -2.1050000e+01  -1.2621306e+02
   3.1500000e-01   1.2725939e+00  -2.8400000e+01  -1.5391684e+02
   3.2000000e-01   1.0978439e+00  -3.4950000e+01  -1.7262303e+02
   3.2500000e-01   8.9484389e-01  -4.0600000e+01  -1.8684267e+02
   3.3000000e-01   6.6909389e-01  -4.5150000e+01  -1.9208923e+02
   3.3500000e-01   4.2734389e-01  -4.8350000e+01  -1.9657577e+02
   3.4000000e-01   1.7409389e-01  -5.0650000e+01  -1.9807128e+02
   3.4500000e-01  -8.4406111e-02  -5.1700000e+01  -1.9883130e+02
   3.5000000e-01  -3.4090611e-01  -5.1300000e+01  -1.9584027e+02
   3.5500000e-01  -5.8890611e-01  -4.9600000e+01  -1.9059371e+02
   3.6000000e-01  -8.2165611e-01  -4.6550000e+01  -1.8684267e+02
   3.6500000e-01  -1.0331561e+00  -4.2300000e+01  -1.8086061e+02
   3.7000000e-01  -1.2184061e+00  -3.7050000e+01  -1.7262303e+02
   3.7500000e-01  -1.3734061e+00  -3.1000000e+01  -1.6364994e+02
   3.8000000e-01  -1.4924061e+00  -2.3800000e+01  -1.4943030e+02
   3.8500000e-01  -1.5724061e+00  -1.6000000e+01  -1.2922860e+02
   3.9000000e-01  -1.6136561e+00  -8.2500000e+00  -8.5074160e+01
   3.9500000e-01  -1.6136561e+00  -7.1054274e-13  -2.8220106e+01
   4.0000000e-01  -1.5716561e+00   8.4000000e+00   3.3880505e+01
   4.0500000e-01  -1.4886561e+00   1.6600000e+01   9.5981116e+01
   4.1000000e-01  -1.3634061e+00   2.5050000e+01   1.3861553e+02
   4.1500000e-01  -1.2024061e+00   3.2200000e+01   1.6931034e+02
   4.2000000e-01  -1.0109061e+00   3.8300000e+01   1.8875202e+02
   4.2500000e-01  -7.9490611e-01   4.3200000e+01   2.0074065e+02
   4.3000000e-01  -5.5990611e-01   4.7000000e+01   2.0449170e+02
   4.3500000e-01  -3.0965611e-01   5.0050000e+01   2.0373168e+02
   4.4000000e-01  -5.0156111e-02   5.1900000e+01   2.0150067e+02
   4.4500000e-01   2.1159389e-01   5.2350000e+01   1.9850964e+02
   4.5000000e-01   4.6709389e-01   5.1100000e+01   1.9402310e+02
   4.5500000e-01   7.0809389e-01   4.8200000e+01   1.8730554e+02
   4.6000000e-01   9.3084389e-01   4.4550000e+01   1.8132349e+02
   4.6500000e-01   1.1298439e+00   3.9800000e+01   1.7083037e+02
   4.7000000e-01   1.3015939e+00   3.4350000e+01   1.5810624e+02
   4.7500000e-01   1.4405939e+00   2.7800000e+01   1.4538212e+02
   4.8000000e-01   1.5388439e+00   1.9650000e+01   1.2518042e+02
   4.8500000e-01   1.5993439e+00   1.2100000e+01   8.5537034e+01
   4.9000000e-01   1.6190939e+00   3.9500000e+00   3.4665037e+01
   4.9500000e-01   1.5968439e+00  -4.4500000e+00  -2.1453518e+01
   5.0000000e-01   1.5380939e+00  -1.1750000e+01  -7.5341060e+01
   5.0500000e-01   1.4380939e+00  -2.0000000e+01  -1.1723997e+02
   5.1000000e-01   1.3008439e+00  -2.7450000e+01  -1.4567926e+02
   5.1500000e-01   1.1330939e+00  -3.3550000e+01  -1.6438544e+02
   5.2000000e-01   9.3559389e-01  -3.9500000e+01  -1.7860508e+02
   5.2500000e-01   7.1509389e-01  -4.4100000e+01  -1.8159611e+02
   5.3000000e-01   4.7684389e-01  -4.7650000e+01  -1.8385164e+02
   5.3500000e-01   2.2509389e-01  -5.0350000e+01  -1.8610717e+02
   5.4000000e-01  -3.1906111e-02  -5.1400000e+01  -1.8684267e+02
   5.4500000e-01  -2.8915611e-01  -5.1450000e+01  -1.8760269e+02
   5.5000000e-01  -5.3765611e-01  -4.9700000e+01  -1.8534716e+02
   5.5500000e-01  -7.7265611e-01  -4.7000000e+01  -1.8235613e+02
   5.6000000e-01  -9.8790611e-01  -4.3050000e+01  -1.7786959e+02
   5.6500000e-01  -1.1779061e+00  -3.8000000e+01  -1.6963200e+02
   5.7000000e-01  -1.3389061e+00  -3.2200000e+01  -1.5989890e+02
   5.7500000e-01  -1.4656561e+00  -2.5350000e+01  -1.4867028e+02
   5.8000000e-01  -1.5556561e+00  -1.8000000e+01  -1.3072412e+02
   5.8500000e-01  -1.6059061e+00  -1.0050000e+01  -8.8825203e+01
   5.9000000e-01  -1.6166561e+00  -2.1500000e+00  -3.7953206e+01
   5.9500000e-01  -1.5844061e+00   6.4500000e+00   2.3411906e+01
   6.0000000e-01  -1.5096561e+00   1.4950000e+01   8.4017003e+01
   6.0500000e-01  -1.3929061e+00   2.3350000e+01   1.2591592e+02
   6.1000000e-01  -1.2389061e+00   3.0800000e+01   1.5957724e+02
   6.1500000e-01  -1.0544061e+00   3.6900000e+01   1.7977894e+02
   6.2000000e-01  -8.4240611e-01   4.2400000e+01   1.9250307e+02
   6.2500000e-01  -6.1040611e-01   4.6400000e+01   1.9848513e+02
   6.3000000e-01  -3.6240611e-01   4.9600000e+01   1.9924514e+02
   6.3500000e-01  -1.0365611e-01   5.1750000e+01   1.9848513e+02
   6.4000000e-01   1.5659389e-01   5.2050000e+01   1.9698961e+02
   6.4500000e-01   4.1284389e-01   5.1250000e+01   1.9100755e+02
   6.5000000e-01   6.5709389e-01   4.8850000e+01   1.8426548e+02
   6.5500000e-01   8.8509389e-01   4.5600000e+01   1.7602790e+02
   6.6000000e-01   1.0903439e+00   4.1050000e+01   1.6629480e+02
   6.6500000e-01   1.2688439e+00   3.5700000e+01   1.5582620e+02
   6.7000000e-01   1.4145939e+00   2.9150000e+01   1.4386208e+02
   6.7500000e-01   1.5220939e+00   2.1500000e+01   1.2890694e+02
   6.8000000e-01   1.5908439e+00   1.3750000e+01   9.8236645e+01
   6.8500000e-01   1.6175939e+00   5.3500000e+00   5.0355677e+01
   6.9000000e-01   1.6045939e+00  -2.6000000e+00  -5.0273791e+00
   6.9500000e-01   1.5528439e+00  -1.0350000e+01  -6.1145934e+01
   7.0000000e-01   1.4610939e+00  -1.8350000e+01  -1.0826689e+02
   7.0500000e-01   1.3328439e+00  -2.5650000e+01  -1.3746619e+02
   7.1000000e-01   1.1710939e+00  -3.2350000e+01  -1.5690787e+02
   7.1500000e-01   9.7884389e-01  -3.8450000e+01  -1.7036750e+02
   7.2000000e-01   7.6234389e-01  -4.3300000e+01  -1.7710957e+02
   7.2500000e-01   5.2659389e-01  -4.7150000e+01  -1.8159611e+02
   7.3000000e-01   2.7709389e-01  -4.9900000e+01  -1.8385164e+02
   7.3500000e-01   2.1343889e-02  -5.1150000e+01  -1.8534716e+02
   7.4000000e-01  -2.3515611e-01  -5.1300000e+01  -1.8385164e+02
   7.4500000e-01  -4.8765611e-01  -5.0500000e+01  -1.8159611e+02
   7.5000000e-01  -7.2715611e-01  -4.7900000e+01  -1.7934058e+02
   7.5500000e-01  -9.4840611e-01  -4.4250000e+01  -1.7558954e+02
   7.6000000e-01  -1.1444061e+00  -3.9200000e+01  -1.7034298e+02
   7.6500000e-01  -1.3106561e+00  -3.3250000e+01  -1.6210540e+02
   7.7000000e-01  -1.4444061e+00  -2.6750000e+01  -1.5163680e+02
   7.7500000e-01  -1.5411561e+00  -1.9350000e+01  -1.3518614e+02
   7.8000000e-01  -1.6006561e+00  -1.1900000e+01  -9.6302774e+01
   7.8500000e-01  -1.6189061e+00  -3.6500000e+00  -4.5430777e+01
   7.9000000e-01  -1.5944061e+00   4.9000000e+00   1.2183292e+01
   7.9500000e-01  -1.5281561e+00   1.3250000e+01   7.0532859e+01
   8.0000000e-01  -1.4199061e+00   2.1650000e+01   1.1618281e+02
   8.0500000e-01  -1.2726561e+00   2.9450000e+01   1.4984414e+02
   8.1000000e-01  -1.0949061e+00   3.5550000e+01   1.7379688e+02
   8.1500000e-01  -8.8890611e-01   4.1200000e+01   1.8951204e+02
   8.2000000e-01  -6.6065611e-01   4.5650000e+01   1.9326308e+02
   8.2500000e-01  -4.1665611e-01   4.8800000e+01   1.9402310e+02
   8.3000000e-01  -1.5940611e-01   5.1450000e+01   1.9326308e+02
   8.3500000e-01   1.0009389e-01   5.1900000e+01   1.8953656e+02
   8.4000000e-01   3.5634389e-01   5.1250000e+01   1.8654553e+02
   8.4500000e-01   6.0434389e-01   4.9600000e+01   1.8205899e+02
   8.5000000e-01   8.3534389e-01   4.6200000e+01   1.7607693e+02
   8.5500000e-01   1.0458439e+00   4.2100000e+01   1.6933486e+02
   8.6000000e-01   1.2305939e+00   3.6950000e+01   1.5960176e+02
   8.6500000e-01   1.3830939e+00   3.0500000e+01   1.4687763e+02
   8.7000000e-01   1.4990939e+00   2.3200000e+01   1.3116247e+02
   8.7500000e-01   1.5763439e+00   1.5450000e+01   1.0647423e+02
   8.8000000e-01   1.6128439e+00   7.3000000e+00   6.0088777e+01
   8.8500000e-01   1.6083439e+00  -9.0000000e-01   6.2012351e+00
   8.9000000e-01   1.5648439e+00  -8.7000000e+00  -4.9917319e+01
   8.9500000e-01   1.4823439e+00  -1.6500000e+01  -1.0005382e+02
   9.0000000e-01   1.3618439e+00  -2.4100000e+01  -1.2998862e+02
   9.0500000e-01   1.2070939e+00  -3.0950000e+01  -1.5092581e+02
   9.1000000e-01   1.0203439e+00  -3.7350000e+01  -1.6588096e+02
   9.1500000e-01   8.0734389e-01  -4.2600000e+01  -1.7485404e+02
   9.2000000e-01   5.7459389e-01  -4.6550000e+01  -1.8010060e+02
   9.2500000e-01   3.2659389e-01  -4.9600000e+01  -1.8309163e+02
   9.3000000e-01   7.1593889e-02  -5.1000000e+01  -1.8385164e+02
   9.3500000e-01  -1.8540611e-01  -5.1400000e+01  -1.8461166e+02
   9.4000000e-01  -4.3865611e-01  -5.0650000e+01  -1.8235613e+02
   9.4500000e-01  -6.7990611e-01  -4.8250000e+01  -1.7862960e+02
   9.5000000e-01  -9.0415611e-01  -4.4850000e+01  -1.7338304e+02
   9.5500000e-01  -1.1056561e+00  -4.0300000e+01  -1.6664097e+02
   9.6000000e-01  -1.2796561e+00  -3.4800000e+01  -1.5989890e+02
   9.6500000e-01  -1.4221561e+00  -2.8500000e+01  -1.5090130e+02
   9.7000000e-01  -1.5281561e+00  -2.1200000e+01  -1.3817717e+02
   9.7500000e-01  -1.5951561e+00  -1.3400000e+01  -1.0973788e+02
   9.8000000e-01  -1.6211561e+00  -5.2000000e+00  -6.1856916e+01
   9.8500000e-01  -1.6051561e+00   3.2000000e+00  -3.5073484e+00
   9.9000000e-01  -1.5464061e+00   1.1750000e+01   5.5602235e+01
   9.9500000e-01  -1.4474061e+00   1.9800000e+01   1.1022528e+02
   1.0000000e+00  -1.3091561e+00   2.7650000e+01   1.4614213e+02
   1.0050000e+00  -1.1376561e+00   3.4300000e+01   1.6933486e+02
   1.0100000e+00  -9.3715611e-01   4.0100000e+01   1.8728103e+02
   1.0150000e+00  -7.1190611e-01   4.5050000e+01   1.9326308e+02
   1.0200000e+00  -4.6940611e-01   4.8500000e+01   1.9399858e+02
   1.0250000e+00  -2.1440611e-01   5.1000000e+01   1.9399858e+02
   1.0300000e+00   4.5843889e-02   5.2050000e+01   1.9176757e+02
   1.0350000e+00   3.0359389e-01   5.1550000e+01   1.8578551e+02
   1.0400000e+00   5.5384389e-01   5.0050000e+01   1.8056347e+02
   1.0450000e+00   7.8959389e-01   4.7150000e+01   1.7458142e+02
   1.0500000e+00   1.0048439e+00   4.3050000e+01   1.6707933e+02
   1.0550000e+00   1.1955939e+00   3.8150000e+01   1.6033726e+02
   1.0600000e+00   1.3550939e+00   3.1900000e+01   1.5060416e+02
   1.0650000e+00   1.4793439e+00   2.4850000e+01   1.3564902e+02
   1.0700000e+00   1.5640939e+00   1.6950000e+01   1.1471182e+02
   1.0750000e+00   1.6083439e+00   8.8500000e+00   7.0557376e+01
   1.0800000e+00   1.6128439e+00   9.0000000e-01   1.8925364e+01
   1.0850000e+00   1.5763439e+00  -7.3000000e+00  -3.5697677e+01
   1.0900000e+00   1.5020939e+00  -1.4850000e+01  -8.7329689e+01
   1.0950000e+00   1.3885939e+00  -2.2700000e+01  -1.2172651e+02
   1.1000000e+00   1.2398439e+00  -2.9750000e+01  -1.4567926e+02
   1.1050000e+00   1.0595939e+00  -3.6050000e+01  -1.6139441e+02
   1.1100000e+00   8.5134389e-01  -4.1650000e+01  -1.7335853e+02
   1.1150000e+00   6.2309389e-01  -4.5650000e+01  -1.7710957e+02
   1.1200000e+00   3.7684389e-01  -4.9250000e+01  -1.8010060e+02
   1.1250000e+00   1.2284389e-01  -5.0800000e+01  -1.8235613e+02
   1.1300000e+00  -1.3490611e-01  -5.1550000e+01  -1.8311614e+02
   1.1350000e+00  -3.8965611e-01  -5.0950000e+01  -1.8387616e+02
   1.1400000e+00  -6.3315611e-01  -4.8700000e+01  -1.8162063e+02
   1.1450000e+00  -8.6190611e-01  -4.5750000e+01  -1.7710957e+02
   1.1500000e+00  -1.0679061e+00  -4.1200000e+01  -1.7110300e+02
   1.1550000e+00  -1.2489061e+00  -3.6200000e+01  -1.6210540e+02
   1.1600000e+00  -1.3976561e+00  -2.9750000e+01  -1.5237230e+02
   1.1650000e+00  -1.5099061e+00  -2.2450000e+01  -1.4040818e+02
   1.1700000e+00  -1.5839061e+00  -1.4800000e+01  -1.1871097e+02
   1.1750000e+00  -1.6181561e+00  -6.8500000e+00  -7.3821029e+01
   1.1800000e+00  -1.6106561e+00   1.5000000e+00  -1.8462490e+01
   1.1850000e+00  -1.5619061e+00   9.7500000e+00   4.1382592e+01
   1.1900000e+00  -1.4711561e+00   1.8150000e+01   1.0046766e+02
   1.1950000e+00  -1.3391561e+00   2.6400000e+01   1.3788003e+02
   1.2000000e+00  -1.1741561e+00   3.3000000e+01   1.6555930e+02
   1.2050000e+00  -9.7940611e-01   3.8950000e+01   1.8276997e+02
   1.2100000e+00  -7.6040611e-01   4.3800000e+01   1.8951204e+02
   1.2150000e+00  -5.2240611e-01   4.7600000e+01   1.9250307e+02
   1.2200000e+00  -2.6990611e-01   5.0500000e+01   1.9100755e+02
   1.2250000e+00  -1.0656111e-02   5.1850000e+01   1.9100755e+02
   1.2300000e+00   2.4859389e-01   5.1850000e+01   1.8801653e+02
   1.2350000e+00   5.0109389e-01   5.0500000e+01   1.8276997e+02
   1.2400000e+00   7.3984389e-01   4.7750000e+01   1.7602790e+02
   1.2450000e+00   9.5959389e-01   4.3950000e+01   1.6705481e+02
   1.2500000e+00   1.1558439e+00   3.9250000e+01   1.5881723e+02
   1.2550000e+00   1.3223439e+00   3.3300000e+01   1.4908413e+02
   1.2600000e+00   1.4550939e+00   2.6550000e+01   1.3788003e+02
   1.2650000e+00   1.5498439e+00   1.8950000e+01   1.1917384e+02
   1.2700000e+00   1.6023439e+00   1.0500000e+01   7.6539432e+01
   1.2750000e+00   1.6153439e+00   2.6000000e+00   2.5667435e+01
   1.2800000e+00   1.5870939e+00  -5.6500000e+00  -2.9715620e+01
   1.2850000e+00   1.5198439e+00  -1.3450000e+01  -8.1347633e+01
   1.2900000e+00   1.4153439e+00  -2.0900000e+01  -1.1576897e+02
   1.2950000e+00   1.2740939e+00  -2.8250000e+01  -1.4045722e+02
   1.3000000e+00   1.1000939e+00  -3.4800000e+01  -1.5766789e+02
   1.3050000e+00   8.9859389e-01  -4.0300000e+01  -1.7188753e+02
   1.3100000e+00   6.7359389e-01  -4.5000000e+01  -1.7786959e+02
   1.3150000e+00   4.3109389e-01  -4.8500000e+01  -1.8162063e+02
   1.3200000e+00   1.7784389e-01  -5.0650000e+01  -1.8461166e+02
   1.3250000e+00  -8.0656111e-02  -5.1700000e+01  -1.8385164e+02
   1.3300000e+00  -3.3615611e-01  -5.1100000e+01  -1.8086061e+02
   1.3350000e+00  -5.8340611e-01  -4.9450000e+01  -1.7786959e+02
   1.3400000e+00  -8.1540611e-01  -4.6400000e+01  -1.7411854e+02
   1.3450000e+00  -1.0276561e+00  -4.2450000e+01  -1.6887198e+02
   1.3500000e+00  -1.2146561e+00  -3.7400000e+01  -1.6438544e+02
   1.3550000e+00  -1.3696561e+00  -3.1000000e+01  -1.5764337e+02
   1.3600000e+00  -1.4901561e+00  -2.4100000e+01  -1.4567926e+02
   1.3650000e+00  -1.5724061e+00  -1.6450000e+01  -1.2773309e+02
   1.3700000e+00  -1.6151561e+00  -8.5500000e+00  -8.4338661e+01
   1.3750000e+00  -1.6181561e+00  -6.0000000e-01  -2.9715620e+01
   1.3800000e+00  -1.5784061e+00   7.9500000e+00   3.0153978e+01
   1.3850000e+00  -1.4961561e+00   1.6450000e+01   8.9999059e+01
   1.3900000e+00  -1.3734061e+00   2.4550000e+01   1.2966696e+02
   1.3950000e+00  -1.2131561e+00   3.2050000e+01   1.6033726e+02
   1.4000000e+00  -1.0231561e+00   3.8000000e+01   1.7904344e+02
   1.4050000e+00  -8.0715611e-01   4.3200000e+01   1.8953656e+02
   1.4100000e+00  -5.7215611e-01   4.7000000e+01   1.9326308e+02
   1.4150000e+00  -3.2340611e-01   4.9750000e+01   1.9103207e+02
   1.4200000e+00  -6.4906111e-02   5.1700000e+01   1.8804104e+02
   1.4250000e+00   1.9459389e-01   5.1900000e+01   1.8505001e+02
   1.4300000e+00   4.4959389e-01   5.1000000e+01   1.8056347e+02
   1.4350000e+00   6.9209389e-01   4.8500000e+01   1.7607693e+02
   1.4400000e+00   9.1659389e-01   4.4900000e+01   1.7007036e+02
   1.4450000e+00   1.1178439e+00   4.0250000e+01   1.6107276e+02
   1.4500000e+00   1.2908439e+00   3.4600000e+01   1.5060416e+02
   1.4550000e+00   1.4313439e+00   2.8100000e+01   1.3861553e+02
   1.4600000e+00   1.5343439e+00   2.0600000e+01   1.2216487e+02
   1.4650000e+00   1.5953439e+00   1.2200000e+01   8.4752502e+01
   1.4700000e+00   1.6160939e+00   4.1500000e+00   3.6871533e+01
   1.4750000e+00   1.5960939e+00  -4.0000000e+00  -1.7751507e+01
   1.4800000e+00   1.5348439e+00  -1.2250000e+01  -7.0879034e+01
   1.4850000e+00   1.4373439e+00  -1.9500000e+01  -1.1052242e+02
   1.4900000e+00   1.3038439e+00  -2.6700000e+01  -1.3822620e+02
   1.4950000e+00   1.1368439e+00  -3.3400000e+01  -1.5541236e+02
   1.5000000e+00   9.4159389e-01  -3.9050000e+01  -1.6813649e+02
   1.5050000e+00   7.2109389e-01  -4.4100000e+01  -1.7262303e+02
   1.5100000e+00   4.8134389e-01  -4.7950000e+01  -1.7561406e+02
   1.5150000e+00   2.3034389e-01  -5.0200000e+01  -1.8012511e+02
   1.5200000e+00  -2.7406111e-02  -5.1550000e+01  -1.8311614e+02
   1.5250000e+00  -2.8315611e-01  -5.1150000e+01  -1.8311614e+02
   1.5300000e+00  -5.3165611e-01  -4.9700000e+01  -1.8086061e+02
   1.5350000e+00  -7.6815611e-01  -4.7300000e+01  -1.7710957e+02
   1.5400000e+00  -9.8415611e-01  -4.3200000e+01  -1.7110300e+02
   1.5450000e+00  -1.1764061e+00  -3.8450000e+01  -1.6512094e+02
   1.5500000e+00  -1.3389061e+00  -3.2500000e+01  -1.5688335e+02
   1.5550000e+00  -1.4664061e+00  -2.5500000e+01  -1.4565474e+02
   1.5600000e+00  -1.5571561e+00  -1.8150000e+01  -1.2996410e+02
   1.5650000e+00  -1.6089061e+00  -1.0350000e+01  -8.8065188e+01
   1.5700000e+00  -1.6196561e+00  -2.1500000e+00  -3.7193191e+01
   1.5750000e+00  -1.5891561e+00   6.1000000e+00   2.0420878e+01
   1.5800000e+00  -1.5151561e+00   1.4800000e+01   8.0290476e+01
   1.5850000e+00  -1.3999061e+00   2.3050000e+01   1.2145389e+02
   1.5900000e+00  -1.2481561e+00   3.0350000e+01   1.5361970e+02
   1.5950000e+00  -1.0634061e+00   3.6950000e+01   1.7531691e+02
   1.6000000e+00  -8.5365611e-01   4.1950000e+01   1.8804104e+02
   1.6050000e+00  -6.2190611e-01   4.6350000e+01   1.9176757e+02
   1.6100000e+00  -3.7540611e-01   4.9300000e+01   1.9176757e+02
   1.6150000e+00  -1.1990611e-01   5.1100000e+01   1.9027206e+02
   1.6200000e+00   1.3959389e-01   5.1900000e+01   1.8652101e+02
   1.6250000e+00   3.9609389e-01   5.1300000e+01   1.8203447e+02
   1.6300000e+00   6.4334389e-01   4.9450000e+01   1.7681243e+02
   1.6350000e+00   8.7309389e-01   4.5950000e+01   1.7080586e+02
   1.6400000e+00   1.0813439e+00   4.1650000e+01   1.6406378e+02
   1.6450000e+00   1.2598439e+00   3.5700000e+01   1.5509070e+02
   1.6500000e+00   1.4045939e+00   2.8950000e+01   1.4310207e+02
   1.6550000e+00   1.5143439e+00   2.1950000e+01   1.2741143e+02
   1.6600000e+00   1.5838439e+00   1.3900000e+01   9.7501147e+01
   1.6650000e+00   1.6135939e+00   5.9500000e+00   4.9620178e+01
   1.6700000e+00   1.6030939e+00  -2.1000000e+00  -3.5073484e+00
   1.6750000e+00   1.5520939e+00  -1.0200000e+01  -5.8890404e+01
   1.6800000e+00   1.4618439e+00  -1.8050000e+01  -1.0454036e+02
   1.6850000e+00   1.3350939e+00  -2.5350000e+01  -1.3373966e+02
   1.6900000e+00   1.1740939e+00  -3.2200000e+01  -1.5467686e+02
   1.6950000e+00   9.8334389e-01  -3.8150000e+01  -1.6740099e+02
   1.7000000e+00   7.6684389e-01  -4.3300000e+01  -1.7338304e+02
   1.7050000e+00   5.3109389e-01  -4.7150000e+01  -1.7637407e+02
   1.7100000e+00   2.8234389e-01  -4.9750000e+01  -1.7637407e+02
   1.7150000e+00   2.6843889e-02  -5.1100000e+01  -1.7710957e+02
   1.7200000e+00  -2.2965611e-01  -5.1300000e+01  -1.7860508e+02
   1.7250000e+00  -4.8065611e-01  -5.0200000e+01  -1.7634955e+02
   1.7300000e+00  -7.2015611e-01  -4.7900000e+01  -1.7485404e+02
   1.7350000e+00  -9.4315611e-01  -4.4600000e+01  -1.7259851e+02
   1.7400000e+00  -1.1406561e+00  -3.9500000e+01  -1.6661645e+02
   1.7450000e+00  -1.3106561e+00  -3.4000000e+01  -1.5913888e+02
   1.7500000e+00  -1.4459061e+00  -2.7050000e+01  -1.4791027e+02
   1.7550000e+00  -1.5434061e+00  -1.9500000e+01  -1.3221963e+02
   1.7600000e+00  -1.6036561e+00  -1.2050000e+01  -9.4807260e+01
   1.7650000e+00  -1.6229061e+00  -3.8500000e+00  -4.4670762e+01
   1.7700000e+00  -1.5999061e+00   4.6000000e+00   1.1447793e+01
   1.7750000e+00  -1.5344061e+00   1.3100000e+01   6.9821877e+01
   1.7800000e+00  -1.4269061e+00   2.1500000e+01   1.1471182e+02
   1.7850000e+00  -1.2811561e+00   2.9150000e+01   1.4614213e+02
   1.7900000e+00  -1.1034061e+00   3.5550000e+01   1.6783934e+02
   1.7950000e+00  -8.9965611e-01   4.0750000e+01   1.8355450e+02
   1.8000000e+00  -6.7215611e-01   4.5500000e+01   1.8804104e+02
   1.8050000e+00  -4.2715611e-01   4.9000000e+01   1.9027206e+02
   1.8100000e+00  -1.7240611e-01   5.0950000e+01   1.9100755e+02
   1.8150000e+00   8.7843889e-02   5.2050000e+01   1.8801653e+02
   1.8200000e+00   3.4559389e-01   5.1550000e+01   1.8352998e+02
   1.8250000e+00   5.9284389e-01   4.9450000e+01   1.7830794e+02
   1.8300000e+00   8.2634389e-01   4.6700000e+01   1.7007036e+02
   1.8350000e+00   1.0383439e+00   4.2400000e+01   1.6107276e+02
   1.8400000e+00   1.2230939e+00   3.6950000e+01   1.5359518e+02
   1.8450000e+00   1.3763439e+00   3.0650000e+01   1.4236657e+02
   1.8500000e+00   1.4938439e+00   2.3500000e+01   1.2890694e+02
   1.8550000e+00   1.5725939e+00   1.5750000e+01   1.0796975e+02
   1.8600000e+00   1.6113439e+00   7.7500000e+00   6.3815304e+01
   1.8650000e+00   1.6105939e+00  -1.5000000e-01   1.0687778e+01
   1.8700000e+00   1.5670939e+00  -8.7000000e+00  -4.3935263e+01
   1.8750000e+00   1.4845939e+00  -1.6500000e+01  -9.3311746e+01
   1.8800000e+00   1.3648439e+00  -2.3950000e+01  -1.2471754e+02
   1.8850000e+00   1.2093439e+00  -3.1100000e+01  -1.4567926e+02
   1.8900000e+00   1.0248439e+00  -3.6900000e+01  -1.6063440e+02
   1.8950000e+00   8.1434389e-01  -4.2100000e+01  -1.7036750e+02
   1.9000000e+00   5.8234389e-01  -4.6400000e+01  -1.7561406e+02
   1.9050000e+00   3.3584389e-01  -4.9300000e+01  -1.7860508e+02
   1.9100000e+00   8.0843889e-02  -5.1000000e+01  -1.7860508e+02
   1.9150000e+00  -1.7640611e-01  -5.1450000e+01  -1.7786959e+02
   1.9200000e+00  -4.2965611e-01  -5.0650000e+01  -1.7786959e+02
   1.9250000e+00  -6.7240611e-01  -4.8550000e+01  -1.7487856e+02
   1.9300000e+00  -8.9815611e-01  -4.5150000e+01  -1.7188753e+02
   1.9350000e+00  -1.1011561e+00  -4.0600000e+01  -1.6887198e+02
   1.9400000e+00  -1.2766561e+00  -3.5100000e+01  -1.6063440e+02
   1.9450000e+00  -1.4199061e+00  -2.8650000e+01  -1.5090130e+02
   1.9500000e+00  -1.5266561e+00  -2.1350000e+01  -1.3817717e+02
   1.9550000e+00  -1.5944061e+00  -1.3550000e+01  -1.0900239e+02
   1.9600000e+00  -1.6219061e+00  -5.5000000e+00  -6.1121417e+01
   1.9650000e+00  -1.6066561e+00   3.0500000e+00  -5.7383612e+00
   1.9700000e+00  -1.5501561e+00   1.1300000e+01   5.2611206e+01
   1.9750000e+00  -1.4526561e+00   1.9500000e+01   1.0497872e+02
   1.9800000e+00  -1.3151561e+00   2.7500000e+01   1.3940006e+02
   1.9850000e+00  -1.1444061e+00   3.4150000e+01   1.6408830e+02
   1.9900000e+00  -9.4465611e-01   3.9950000e+01   1.8129897e+02
   1.9950000e+00  -7.2090611e-01   4.4750000e+01   1.8804104e+02
   2.0000000e+00  -4.8140611e-01   4.7900000e+01   1.9027206e+02
   2.0050000e+00  -2.3265611e-01   4.9750000e+01   1.8877654e+02
   2.0100000e+00   1.7593889e-02   5.0050000e+01   1.8578551e+02
   2.0150000e+00   2.5934389e-01   4.8350000e+01   1.8129897e+02
   2.0200000e+00   4.8584389e-01   4.5300000e+01   1.7531691e+02
   2.0250000e+00   6.9259389e-01   4.1350000e+01   1.6931034e+02
   2.0300000e+00   8.7359389e-01   3.6200000e+01   1.6256827e+02
   2.0350000e+00   1.0238439e+00   3.0050000e+01   1.5207515e+02
   2.0400000e+00   1.1405939e+00   2.3350000e+01   1.4011104e+02
   2.0450000e+00   1.2208439e+00   1.6050000e+01   1.2140486e+02
   2.0500000e+00   1.2633439e+00   8.5000000e+00   8.1001458e+01
   2.0550000e+00   1.2740939e+00   2.1500000e+00   3.4616004e+01
   2.0600000e+00   1.2535939e+00  -4.1000000e+00  -1.4760479e+01
   2.0650000e+00   1.2023439e+00  -1.0250000e+01  -6.1145934e+01
   2.0700000e+00   1.1260939e+00  -1.5250000e+01  -9.0320717e+01
   2.0750000e+00   1.0230939e+00  -2.0600000e+01  -1.1351344e+02
   2.0800000e+00   8.9934389e-01  -2.4750000e+01  -1.3297964e+02
   2.0850000e+00   7.6209389e-01  -2.7450000e+01  -1.4717477e+02
   2.0900000e+00   6.1334389e-01  -2.9750000e+01  -1.5538784e+02
   2.0950000e+00   4.6009389e-01  -3.0650000e+01  -1.5837887e+02
   2.1000000e+00   3.0684389e-01  -3.0650000e+01  -1.5837887e+02
   2.1050000e+00   1.5734389e-01  -2.9900000e+01  -1.5764337e+02
   2.1100000e+00   1.7093889e-02  -2.8050000e+01  -1.5465234e+02
   2.1150000e+00  -1.1190611e-01  -2.5800000e+01  -1.5166131e+02
   2.1200000e+00  -2.2640611e-01  -2.2900000e+01  -1.4791027e+02
   2.1250000e+00  -3.2265611e-01  -1.9250000e+01  -1.4192821e+02
   2.1300000e+00  -4.0065611e-01  -1.5600000e+01  -1.3521066e+02
   2.1350000e+00  -4.5715611e-01  -1.1300000e+01  -1.2547756e+02
   2.1400000e+00  -4.9365611e-01  -7.3000000e+00  -1.1052242e+02
   2.1450000e+00  -5.1340611e-01  -3.9500000e+00  -8.0587617e+01
   2.1500000e+00  -5.1640611e-01  -6.0000000e-01  -4.6166276e+01
   2.1550000e+00  -5.0565611e-01   2.1500000e+00  -9.5139215e+00
   2.1600000e+00  -4.8290611e-01   4.5500000e+00   2.5642919e+01
   2.1650000e+00  -4.4940611e-01   6.7000000e+00   4.7340132e+01
   2.1700000e+00  -4.0740611e-01   8.4000000e+00   6.3790787e+01
   2.1750000e+00  -3.5940611e-01   9.6000000e+00   7.5779417e+01
   2.1800000e+00  -3.0740611e-01   1.0400000e+01   8.3281504e+01
   2.1850000e+00  -2.5790611e-01   9.9000000e+00   8.9263561e+01
   2.1900000e+00  -2.1140611e-01   9.3000000e+00   9.3774620e+01
   2.1950000e+00  -1.7240611e-01   7.8000000e+00   9.4510118e+01
   2.2000000e+00  -1.4190611e-01   6.1000000e+00   9.3750103e+01
   2.2050000e+00  -1.1665611e-01   5.0500000e+00   9.0759075e+01
   2.2100000e+00  -9.9156111e-02   3.5000000e+00   8.6248016e+01
   2.2150000e+00  -8.6406111e-02   2.5500000e+00   8.3256988e+01
   2.2200000e+00  -7.5656111e-02   2.1500000e+00   8.1001458e+01
   2.2250000e+00  -6.7156111e-02   1.7000000e+00   7.8745929e+01
   2.2300000e+00  -5.9406111e-02   1.5500000e+00   7.7250414e+01
   2.2350000e+00  -5.1656111e-02   1.5500000e+00   7.5754900e+01
   2.2400000e+00  -4.5656111e-02   1.2000000e+00   7.3523887e+01
