   0.0000000e+00  -2.9626386e-02  -1.8000000e+00  -1.0823769e+02
   5.0000000e-03  -4.3126386e-02  -2.7000000e+00  -1.7558486e+02
   1.0000000e-02  -5.9126386e-02  -3.2000000e+00  -2.0701517e+02
   1.5000000e-02  -7.5876386e-02  -3.3500000e+00  -1.9505106e+02
   2.0000000e-02  -8.9626386e-02  -2.7500000e+00  -1.5614318e+02
   2.5000000e-02  -9.8876386e-02  -1.8500000e+00  -1.1274875e+02
   3.0000000e-02  -1.0187639e-01  -6.0000000e-01  -5.1408155e+01
   3.5000000e-02  -9.6626386e-02   1.0500000e+00   2.8638625e+01
   4.0000000e-02  -8.0626386e-02   3.2000000e+00   1.2888710e+02
   4.5000000e-02  -5.3126386e-02   5.5000000e+00   3.1070240e+02
   5.0000000e-02  -1.2626386e-02   8.1000000e+00   5.4939626e+02
   5.5000000e-02   4.3123614e-02   1.1150000e+01   7.8882562e+02
   6.0000000e-02   1.0962361e-01   1.3300000e+01   1.0028067e+03
   6.5000000e-02   1.8662361e-01   1.5400000e+01   1.1277680e+03
   7.0000000e-02   2.7137361e-01   1.6950000e+01   1.1696669e+03
   7.5000000e-02   3.5837361e-01   1.7400000e+01   1.1816555e+03
   8.0000000e-02   4.4687361e-01   1.7700000e+01   1.1839110e+03
   8.5000000e-02   5.3162361e-01   1.6950000e+01   1.1749134e+03
   9.0000000e-02   6.0937361e-01   1.5550000e+01   1.1517207e+03
   9.5000000e-02   6.7512361e-01   1.3150000e+01   1.1158038e+03
   1.0000000e-01   7.2687361e-01   1.0350000e+01   1.0559588e+03
   1.0500000e-01   7.6187361e-01   7.0000000e+00   9.5571028e+02
   1.1000000e-01   7.7712361e-01   3.0500000e+00   7.7987705e+02
   1.1500000e-01   7.7462361e-01  -5.0000000e-01   4.8209812e+02
   1.2000000e-01   7.4862361e-01  -5.2000000e+00   1.5212887e+02
   1.2500000e-01   6.9762361e-01  -1.0200000e+01  -1.5013660e+02
   1.3000000e-01   6.2137361e-01  -1.5250000e+01  -5.3771993e+02
   1.3500000e-01   5.1687361e-01  -2.0900000e+01  -8.1755269e+02
   1.4000000e-01   3.8812361e-01  -2.5750000e+01  -1.0442579e+03
   1.4500000e-01   2.3762361e-01  -3.0100000e+01  -1.2522570e+03
   1.5000000e-01   6.8123614e-02  -3.3900000e+01  -1.2836628e+03
   1.5500000e-01  -1.1487639e-01  -3.6600000e+01  -1.2851583e+03
   1.6000000e-01  -3.0812639e-01  -3.8650000e+01  -1.2806717e+03
   1.6500000e-01  -5.0487639e-01  -3.9350000e+01  -1.2746897e+03
   1.7000000e-01  -7.0087639e-01  -3.9200000e+01  -1.2664766e+03
   1.7500000e-01  -8.9012639e-01  -3.7850000e+01  -1.2537525e+03
   1.8000000e-01  -1.0663764e+00  -3.5250000e+01  -1.2357818e+03
   1.8500000e-01  -1.2258764e+00  -3.1900000e+01  -1.2043515e+03
   1.9000000e-01  -1.3601264e+00  -2.6850000e+01  -1.1594615e+03
   1.9500000e-01  -1.4631264e+00  -2.0600000e+01  -1.0891479e+03
   2.0000000e-01  -1.5286264e+00  -1.3100000e+01  -9.6943318e+02
   2.0500000e-01  -1.5528764e+00  -4.8500000e+00  -7.0234907e+02
   2.1000000e-01  -1.5331264e+00   3.9500000e+00  -3.1925228e+02
   2.1500000e-01  -1.4698764e+00   1.2650000e+01   7.1322069e+01
   2.2000000e-01  -1.3646264e+00   2.1050000e+01   5.6962247e+02
   2.2500000e-01  -1.2198764e+00   2.8950000e+01   9.1530689e+02
   2.3000000e-01  -1.0413764e+00   3.5700000e+01   1.1307835e+03
   2.3500000e-01  -8.3462639e-01   4.1350000e+01   1.3125988e+03
   2.4000000e-01  -6.0562639e-01   4.5800000e+01   1.3328005e+03
   2.4500000e-01  -3.5912639e-01   4.9300000e+01   1.3462601e+03
   2.5000000e-01  -1.0262639e-01   5.1300000e+01   1.3552332e+03
   2.5500000e-01   1.5762361e-01   5.2050000e+01   1.3567287e+03
   2.6000000e-01   4.1387361e-01   5.1250000e+01   1.3522177e+03
   2.6500000e-01   6.5812361e-01   4.8850000e+01   1.3394935e+03
   2.7000000e-01   8.8537361e-01   4.5450000e+01   1.3185563e+03
   2.7500000e-01   1.0898736e+00   4.0900000e+01   1.2908525e+03
   2.8000000e-01   1.2676236e+00   3.5550000e+01   1.2542002e+03
   2.8500000e-01   1.4126236e+00   2.9000000e+01   1.2063192e+03
   2.9000000e-01   1.5201236e+00   2.1500000e+01   1.1329900e+03
   2.9500000e-01   1.5888736e+00   1.3750000e+01   1.0117798e+03
   3.0000000e-01   1.6171236e+00   5.6500000e+00   7.6337736e+02
   3.0500000e-01   1.6071236e+00  -2.0000000e+00   3.6608545e+02
   3.1000000e-01   1.5568736e+00  -1.0050000e+01  -3.5271867e+00
   3.1500000e-01   1.4673736e+00  -1.7900000e+01  -4.8910346e+02
   3.2000000e-01   1.3383736e+00  -2.5800000e+01  -8.5795608e+02
   3.2500000e-01   1.1743736e+00  -3.2800000e+01  -1.0674506e+03
   3.3000000e-01   9.8212361e-01  -3.8450000e+01  -1.2762097e+03
   3.3500000e-01   7.6337361e-01  -4.3750000e+01  -1.3173486e+03
   3.4000000e-01   5.2762361e-01  -4.7150000e+01  -1.3338238e+03
   3.4500000e-01   2.7812361e-01  -4.9900000e+01  -1.3427969e+03
   3.5000000e-01   2.0873614e-02  -5.1450000e+01  -1.3413013e+03
   3.5500000e-01  -2.3487639e-01  -5.1150000e+01  -1.3293372e+03
   3.6000000e-01  -4.8587639e-01  -5.0200000e+01  -1.3136221e+03
   3.6500000e-01  -7.2537639e-01  -4.7900000e+01  -1.2919249e+03
   3.7000000e-01  -9.4662639e-01  -4.4250000e+01  -1.2672121e+03
   3.7500000e-01  -1.1441264e+00  -3.9500000e+01  -1.2365418e+03
   3.8000000e-01  -1.3133764e+00  -3.3850000e+01  -1.1968739e+03
   3.8500000e-01  -1.4478764e+00  -2.6900000e+01  -1.1460019e+03
   3.9000000e-01  -1.5446264e+00  -1.9350000e+01  -1.0712017e+03
   3.9500000e-01  -1.6033764e+00  -1.1750000e+01  -9.4773597e+02
   4.0000000e-01  -1.6208764e+00  -3.5000000e+00  -6.6792772e+02
   4.0500000e-01  -1.5971264e+00   4.7500000e+00  -2.8186443e+02
   4.1000000e-01  -1.5308764e+00   1.3250000e+01   9.2994766e+01
   4.1500000e-01  -1.4241264e+00   2.1350000e+01   5.8903964e+02
   4.2000000e-01  -1.2776264e+00   2.9300000e+01   9.1376234e+02
   4.2500000e-01  -1.0983764e+00   3.5850000e+01   1.1180349e+03
   4.3000000e-01  -8.9162639e-01   4.1350000e+01   1.3080632e+03
   4.3500000e-01  -6.6112639e-01   4.6100000e+01   1.3200518e+03
   4.4000000e-01  -4.1562639e-01   4.9100000e+01   1.3350315e+03
   4.4500000e-01  -1.5837639e-01   5.1450000e+01   1.3469956e+03
   4.5000000e-01   1.0262361e-01   5.2200000e+01   1.3515067e+03
   4.5500000e-01   3.6112361e-01   5.1700000e+01   1.3484911e+03
   4.6000000e-01   6.0912361e-01   4.9600000e+01   1.3379980e+03
   4.6500000e-01   8.4087361e-01   4.6350000e+01   1.3170608e+03
   4.7000000e-01   1.0521236e+00   4.2250000e+01   1.2893570e+03
   4.7500000e-01   1.2353736e+00   3.6650000e+01   1.2549602e+03
   4.8000000e-01   1.3878736e+00   3.0500000e+01   1.2070792e+03
   4.8500000e-01   1.5046236e+00   2.3350000e+01   1.1412276e+03
   4.9000000e-01   1.5803736e+00   1.5150000e+01   1.0342370e+03
   4.9500000e-01   1.6168736e+00   7.3000000e+00   8.1500937e+02
   5.0000000e-01   1.6138736e+00  -6.0000000e-01   4.2669055e+02
   5.0500000e-01   1.5703736e+00  -8.7000000e+00   5.6342412e+01
   5.1000000e-01   1.4878736e+00  -1.6500000e+01  -3.5590464e+02
   5.1500000e-01   1.3673736e+00  -2.4100000e+01  -7.4947002e+02
   5.2000000e-01   1.2111236e+00  -3.1250000e+01  -9.6793766e+02
   5.2500000e-01   1.0236236e+00  -3.7500000e+01  -1.1811833e+03
   5.3000000e-01   8.1162361e-01  -4.2400000e+01  -1.3076400e+03
   5.3500000e-01   5.7737361e-01  -4.6850000e+01  -1.3315682e+03
   5.4000000e-01   3.2937361e-01  -4.9600000e+01  -1.3405413e+03
   5.4500000e-01   7.4373614e-02  -5.1000000e+01  -1.3413013e+03
   5.5000000e-01  -1.8437639e-01  -5.1750000e+01  -1.3353193e+03
   5.5500000e-01  -4.3537639e-01  -5.0200000e+01  -1.3225952e+03
   5.6000000e-01  -6.7587639e-01  -4.8100000e+01  -1.3053845e+03
   5.6500000e-01  -9.0012639e-01  -4.4850000e+01  -1.2844228e+03
   5.7000000e-01  -1.1023764e+00  -4.0450000e+01  -1.2552235e+03
   5.7500000e-01  -1.2778764e+00  -3.5100000e+01  -1.2170756e+03
   5.8000000e-01  -1.4203764e+00  -2.8500000e+01  -1.1669636e+03
   5.8500000e-01  -1.5263764e+00  -2.1200000e+01  -1.0973854e+03
   5.9000000e-01  -1.5926264e+00  -1.3250000e+01  -9.9115491e+02
   5.9500000e-01  -1.6193764e+00  -5.3500000e+00  -7.4873452e+02
   6.0000000e-01  -1.6048764e+00   2.9000000e+00  -3.5592915e+02
   6.0500000e-01  -1.5476264e+00   1.1450000e+01   1.9665541e+01
   6.1000000e-01  -1.4476264e+00   2.0000000e+01   4.9553323e+02
   6.1500000e-01  -1.3093764e+00   2.7650000e+01   8.6139483e+02
   6.2000000e-01  -1.1371264e+00   3.4450000e+01   1.0656673e+03
   6.2500000e-01  -9.3662639e-01   4.0100000e+01   1.2631978e+03
   6.3000000e-01  -7.1312639e-01   4.4700000e+01   1.3163008e+03
   6.3500000e-01  -4.6987639e-01   4.8650000e+01   1.3327760e+03
   6.4000000e-01  -2.1337639e-01   5.1300000e+01   1.3425091e+03
   6.4500000e-01   4.8373614e-02   5.2350000e+01   1.3477556e+03
   6.5000000e-01   3.0912361e-01   5.2150000e+01   1.3477556e+03
   6.5500000e-01   5.5937361e-01   5.0050000e+01   1.3380225e+03
   6.6000000e-01   7.9437361e-01   4.7000000e+01   1.3200518e+03
   6.6500000e-01   1.0096236e+00   4.3050000e+01   1.2960991e+03
   6.7000000e-01   1.1981236e+00   3.7700000e+01   1.2624378e+03
   6.7500000e-01   1.3576236e+00   3.1900000e+01   1.2167878e+03
   6.8000000e-01   1.4818736e+00   2.4850000e+01   1.1569427e+03
   6.8500000e-01   1.5658736e+00   1.6800000e+01   1.0574298e+03
   6.9000000e-01   1.6108736e+00   9.0000000e+00   8.6514587e+02
   6.9500000e-01   1.6171236e+00   1.2500000e+00   5.0453083e+02
   7.0000000e-01   1.5828736e+00  -6.8500000e+00   1.2292957e+02
   7.0500000e-01   1.5088736e+00  -1.4800000e+01  -2.2947240e+02
   7.1000000e-01   1.3968736e+00  -2.2400000e+01  -6.5743461e+02
   7.1500000e-01   1.2471236e+00  -2.9950000e+01  -9.0360604e+02
   7.2000000e-01   1.0663736e+00  -3.6150000e+01  -1.1108451e+03
   7.2500000e-01   8.5862361e-01  -4.1550000e+01  -1.3076155e+03
   7.3000000e-01   6.2887361e-01  -4.5950000e+01  -1.3255862e+03
   7.3500000e-01   3.8412361e-01  -4.8950000e+01  -1.3383103e+03
   7.4000000e-01   1.2762361e-01  -5.1300000e+01  -1.3450524e+03
   7.4500000e-01  -1.2937639e-01  -5.1400000e+01  -1.3405658e+03
   7.5000000e-01  -3.8337639e-01  -5.0800000e+01  -1.3300727e+03
   7.5500000e-01  -6.2912639e-01  -4.9150000e+01  -1.3121020e+03
   7.6000000e-01  -8.5637639e-01  -4.5450000e+01  -1.2889093e+03
   7.6500000e-01  -1.0646264e+00  -4.1650000e+01  -1.2597345e+03
   7.7000000e-01  -1.2461264e+00  -3.6300000e+01  -1.2238422e+03
   7.7500000e-01  -1.3948764e+00  -2.9750000e+01  -1.1789523e+03
   7.8000000e-01  -1.5086264e+00  -2.2750000e+01  -1.1138606e+03
   7.8500000e-01  -1.5826264e+00  -1.4800000e+01  -1.0180987e+03
   7.9000000e-01  -1.6171264e+00  -6.9000000e+00  -8.1083513e+02
   7.9500000e-01  -1.6111264e+00   1.2000000e+00  -4.2776287e+02
   8.0000000e-01  -1.5631264e+00   9.6000000e+00  -5.5159199e+01
   8.0500000e-01  -1.4731264e+00   1.8000000e+01   3.4588375e+02
   8.1000000e-01  -1.3426264e+00   2.6100000e+01   7.4692670e+02
   8.1500000e-01  -1.1761264e+00   3.3300000e+01   9.6539435e+02
   8.2000000e-01  -9.7987639e-01   3.9250000e+01   1.1704024e+03
   8.2500000e-01  -7.6012639e-01   4.3950000e+01   1.3118143e+03
   8.3000000e-01  -5.2137639e-01   4.7750000e+01   1.3327515e+03
   8.3500000e-01  -2.6887639e-01   5.0500000e+01   1.3447401e+03
   8.4000000e-01  -9.6263858e-03   5.1850000e+01   1.3522422e+03
   8.4500000e-01   2.5137361e-01   5.2200000e+01   1.3530022e+03
   8.5000000e-01   5.0462361e-01   5.0650000e+01   1.3447646e+03
   8.5500000e-01   7.4487361e-01   4.8050000e+01   1.3305450e+03
   8.6000000e-01   9.6537361e-01   4.4100000e+01   1.3095832e+03
   8.6500000e-01   1.1606236e+00   3.9050000e+01   1.2781529e+03
   8.7000000e-01   1.3271236e+00   3.3300000e+01   1.2370140e+03
   8.7500000e-01   1.4576236e+00   2.6100000e+01   1.1786400e+03
   8.8000000e-01   1.5508736e+00   1.8650000e+01   1.0881001e+03
   8.8500000e-01   1.6033736e+00   1.0500000e+01   9.2199992e+02
   8.9000000e-01   1.6178736e+00   2.9000000e+00   5.9428620e+02
   8.9500000e-01   1.5926236e+00  -5.0500000e+00   1.9177225e+02
   9.0000000e-01   1.5261236e+00  -1.3300000e+01  -1.6585176e+02
   9.0500000e-01   1.4216236e+00  -2.0900000e+01  -5.8859193e+02
   9.1000000e-01   1.2781236e+00  -2.8700000e+01  -8.7291123e+02
   9.1500000e-01   1.1018736e+00  -3.5250000e+01  -1.0674506e+03
   9.2000000e-01   8.9887361e-01  -4.0600000e+01  -1.2709631e+03
   9.2500000e-01   6.7387361e-01  -4.5000000e+01  -1.3270817e+03
   9.3000000e-01   4.3212361e-01  -4.8350000e+01  -1.3420368e+03
   9.3500000e-01   1.8112361e-01  -5.0200000e+01  -1.3472834e+03
   9.4000000e-01  -7.5876386e-02  -5.1400000e+01  -1.3465479e+03
   9.4500000e-01  -3.3137639e-01  -5.1100000e+01  -1.3338238e+03
   9.5000000e-01  -5.7862639e-01  -4.9450000e+01  -1.3173731e+03
   9.5500000e-01  -8.1212639e-01  -4.6700000e+01  -1.2964114e+03
   9.6000000e-01  -1.0251264e+00  -4.2600000e+01  -1.2687076e+03
   9.6500000e-01  -1.2106264e+00  -3.7100000e+01  -1.2342863e+03
   9.7000000e-01  -1.3663764e+00  -3.1150000e+01  -1.1916274e+03
   9.7500000e-01  -1.4876264e+00  -2.4250000e+01  -1.1310223e+03
   9.8000000e-01  -1.5691264e+00  -1.6300000e+01  -1.0412424e+03
   9.8500000e-01  -1.6133764e+00  -8.8500000e+00  -8.6690465e+02
   9.9000000e-01  -1.6171264e+00  -7.5000000e-01  -5.1077616e+02
   9.9500000e-01  -1.5773764e+00   7.9500000e+00  -1.3295045e+02
   1.0000000e+00  -1.4966264e+00   1.6150000e+01   2.3965322e+02
   1.0050000e+00  -1.3746264e+00   2.4400000e+01   6.9154365e+02
   1.0100000e+00  -1.2151264e+00   3.1900000e+01   9.4293712e+02
   1.0150000e+00  -1.0251264e+00   3.8000000e+01   1.1502007e+03
   1.0200000e+00  -8.0987639e-01   4.3050000e+01   1.3335115e+03
   1.0250000e+00  -5.7412639e-01   4.7150000e+01   1.3417491e+03
   1.0300000e+00  -3.2237639e-01   5.0350000e+01   1.3544732e+03
   1.0350000e+00  -6.3126386e-02   5.1850000e+01   1.3642063e+03
   1.0400000e+00   1.9862361e-01   5.2350000e+01   1.3627108e+03
   1.0450000e+00   4.5362361e-01   5.1000000e+01   1.3537377e+03
   1.0500000e+00   6.9537361e-01   4.8350000e+01   1.3365270e+03
   1.0550000e+00   9.1987361e-01   4.4900000e+01   1.3140698e+03
   1.0600000e+00   1.1203736e+00   4.0100000e+01   1.2841350e+03
   1.0650000e+00   1.2933736e+00   3.4600000e+01   1.2467226e+03
   1.0700000e+00   1.4331236e+00   2.7950000e+01   1.1958506e+03
   1.0750000e+00   1.5346236e+00   2.0300000e+01   1.1158038e+03
   1.0800000e+00   1.5966236e+00   1.2400000e+01   9.7439195e+02
   1.0850000e+00   1.6188736e+00   4.4500000e+00   6.8558611e+02
   1.0900000e+00   1.6006236e+00  -3.6500000e+00   2.7108353e+02
   1.0950000e+00   1.5426236e+00  -1.1600000e+01  -9.4802582e+01
   1.1000000e+00   1.4448736e+00  -1.9550000e+01  -4.5169109e+02
   1.1050000e+00   1.3106236e+00  -2.6850000e+01  -7.7192725e+02
   1.1100000e+00   1.1426236e+00  -3.3600000e+01  -9.6198012e+02
   1.1150000e+00   9.4412361e-01  -3.9700000e+01  -1.1699792e+03
   1.1200000e+00   7.2362361e-01  -4.4100000e+01  -1.3181331e+03
   1.1250000e+00   4.8412361e-01  -4.7900000e+01  -1.3450524e+03
   1.1300000e+00   2.3237361e-01  -5.0350000e+01  -1.3525300e+03
   1.1350000e+00  -2.3876386e-02  -5.1250000e+01  -1.3532655e+03
   1.1400000e+00  -2.8037639e-01  -5.1300000e+01  -1.3457879e+03
   1.1450000e+00  -5.3062639e-01  -5.0050000e+01  -1.3300727e+03
   1.1500000e+00  -7.6712639e-01  -4.7300000e+01  -1.3098710e+03
   1.1550000e+00  -9.8462639e-01  -4.3500000e+01  -1.2829518e+03
   1.1600000e+00  -1.1776264e+00  -3.8600000e+01  -1.2485304e+03
   1.1650000e+00  -1.3393764e+00  -3.2350000e+01  -1.2051360e+03
   1.1700000e+00  -1.4668764e+00  -2.5500000e+01  -1.1460264e+03
   1.1750000e+00  -1.5561264e+00  -1.7850000e+01  -1.0644596e+03
   1.1800000e+00  -1.6063764e+00  -1.0050000e+01  -9.2005670e+02
   1.1850000e+00  -1.6186264e+00  -2.4500000e+00  -6.0283608e+02
   1.1900000e+00  -1.5888764e+00   5.9500000e+00  -2.1750829e+02
   1.1950000e+00  -1.5171264e+00   1.4350000e+01   1.5359986e+02
   1.2000000e+00  -1.4041264e+00   2.2600000e+01   6.1823894e+02
   1.2050000e+00  -1.2523764e+00   3.0350000e+01   9.1079583e+02
   1.2100000e+00  -1.0676264e+00   3.6950000e+01   1.1150438e+03
   1.2150000e+00  -8.5787639e-01   4.1950000e+01   1.3080877e+03
   1.2200000e+00  -6.2537639e-01   4.6500000e+01   1.3365270e+03
   1.2250000e+00  -3.7662639e-01   4.9750000e+01   1.3507467e+03
   1.2300000e+00  -1.1812639e-01   5.1700000e+01   1.3642308e+03
   1.2350000e+00   1.4437361e-01   5.2500000e+01   1.3694528e+03
   1.2400000e+00   4.0087361e-01   5.1300000e+01   1.3664618e+03
   1.2450000e+00   6.4662361e-01   4.9150000e+01   1.3537377e+03
   1.2500000e+00   8.7337361e-01   4.5350000e+01   1.3320405e+03
   1.2550000e+00   1.0801236e+00   4.1350000e+01   1.3021057e+03
   1.2600000e+00   1.2593736e+00   3.5850000e+01   1.2639333e+03
   1.2650000e+00   1.4051236e+00   2.9150000e+01   1.2130613e+03
   1.2700000e+00   1.5156236e+00   2.2100000e+01   1.1397321e+03
   1.2750000e+00   1.5843736e+00   1.3750000e+01   1.0147953e+03
   1.2800000e+00   1.6148736e+00   6.1000000e+00   7.5965083e+02
   1.2850000e+00   1.6063736e+00  -1.7000000e+00   3.5113031e+02
   1.2900000e+00   1.5561236e+00  -1.0050000e+01  -2.1473356e+01
   1.2950000e+00   1.4666236e+00  -1.7900000e+01  -3.6340673e+02
   1.3000000e+00   1.3398736e+00  -2.5350000e+01  -7.2926832e+02
   1.3050000e+00   1.1781236e+00  -3.2350000e+01  -9.2530325e+02
   1.3100000e+00   9.8662361e-01  -3.8300000e+01  -1.1340623e+03
   1.3150000e+00   7.7162361e-01  -4.3000000e+01  -1.3196041e+03
   1.3200000e+00   5.3587361e-01  -4.7150000e+01  -1.3413013e+03
   1.3250000e+00   2.8562361e-01  -5.0050000e+01  -1.3570165e+03
   1.3300000e+00   2.9373614e-02  -5.1250000e+01  -1.3607430e+03
   1.3350000e+00  -2.2862639e-01  -5.1600000e+01  -1.3540255e+03
   1.3400000e+00  -4.8112639e-01  -5.0500000e+01  -1.3383103e+03
   1.3450000e+00  -7.1987639e-01  -4.7750000e+01  -1.3158531e+03
   1.3500000e+00  -9.4037639e-01  -4.4100000e+01  -1.2911648e+03
   1.3550000e+00  -1.1371264e+00  -3.9350000e+01  -1.2582390e+03
   1.3600000e+00  -1.3048764e+00  -3.3550000e+01  -1.2178356e+03
   1.3650000e+00  -1.4416264e+00  -2.7350000e+01  -1.1654681e+03
   1.3700000e+00  -1.5408764e+00  -1.9850000e+01  -1.0891479e+03
   1.3750000e+00  -1.6018764e+00  -1.2200000e+01  -9.6494664e+02
   1.3800000e+00  -1.6223764e+00  -4.1000000e+00  -6.8736941e+02
   1.3850000e+00  -1.6001264e+00   4.4500000e+00  -2.9382854e+02
   1.3900000e+00  -1.5368764e+00   1.2650000e+01   7.6519594e+01
   1.3950000e+00  -1.4301264e+00   2.1350000e+01   4.9550872e+02
   1.4000000e+00  -1.2853764e+00   2.8950000e+01   8.2248694e+02
   1.4050000e+00  -1.1076264e+00   3.5550000e+01   1.0267595e+03
   1.4100000e+00  -9.0237639e-01   4.1050000e+01   1.2272809e+03
   1.4150000e+00  -6.7587639e-01   4.5300000e+01   1.3252984e+03
   1.4200000e+00  -4.3087639e-01   4.9000000e+01   1.3514822e+03
   1.4250000e+00  -1.7462639e-01   5.1250000e+01   1.3642063e+03
   1.4300000e+00   8.6373614e-02   5.2200000e+01   1.3701883e+03
   1.4350000e+00   3.4512361e-01   5.1750000e+01   1.3694528e+03
   1.4400000e+00   5.9387361e-01   4.9750000e+01   1.3582242e+03
   1.4450000e+00   8.2737361e-01   4.6700000e+01   1.3387580e+03
   1.4500000e+00   1.0393736e+00   4.2400000e+01   1.3133343e+03
   1.4550000e+00   1.2248736e+00   3.7100000e+01   1.2781529e+03
   1.4600000e+00   1.3781236e+00   3.0650000e+01   1.2310075e+03
   1.4650000e+00   1.4948736e+00   2.3350000e+01   1.1636848e+03
   1.4700000e+00   1.5728736e+00   1.5600000e+01   1.0529432e+03
   1.4750000e+00   1.6116236e+00   7.7500000e+00   8.3148454e+02
   1.4800000e+00   1.6101236e+00  -3.0000000e-01   4.3943919e+02
   1.4850000e+00   1.5696236e+00  -8.1000000e+00   5.5606913e+01
   1.4900000e+00   1.4893736e+00  -1.6050000e+01  -2.8855747e+02
   1.4950000e+00   1.3696236e+00  -2.3950000e+01  -6.9631798e+02
   1.5000000e+00   1.2156236e+00  -3.0800000e+01  -9.1628114e+02
   1.5050000e+00   1.0296236e+00  -3.7200000e+01  -1.1205537e+03
   1.5100000e+00   8.1837361e-01  -4.2250000e+01  -1.3218351e+03
   1.5150000e+00   5.8637361e-01  -4.6400000e+01  -1.3398058e+03
   1.5200000e+00   3.3912361e-01  -4.9450000e+01  -1.3510344e+03
   1.5250000e+00   8.3623614e-02  -5.1100000e+01  -1.3577520e+03
   1.5300000e+00  -1.7512639e-01  -5.1750000e+01  -1.3525054e+03
   1.5350000e+00  -4.2837639e-01  -5.0650000e+01  -1.3352948e+03
   1.5400000e+00  -6.7187639e-01  -4.8700000e+01  -1.3180841e+03
   1.5450000e+00  -8.9787639e-01  -4.5200000e+01  -1.2933959e+03
   1.5500000e+00  -1.1001264e+00  -4.0450000e+01  -1.2612300e+03
   1.5550000e+00  -1.2763764e+00  -3.5250000e+01  -1.2260732e+03
   1.5600000e+00  -1.4188764e+00  -2.8500000e+01  -1.1759612e+03
   1.5650000e+00  -1.5248764e+00  -2.1200000e+01  -1.1048875e+03
   1.5700000e+00  -1.5926264e+00  -1.3550000e+01  -9.9863248e+02
   1.5750000e+00  -1.6216264e+00  -5.8000000e+00  -7.5844310e+02
   1.5800000e+00  -1.6093764e+00   2.4500000e+00  -3.6563774e+02
   1.5850000e+00  -1.5551264e+00   1.0850000e+01   3.2148851e+00
   1.5900000e+00  -1.4583764e+00   1.9350000e+01   3.8851816e+02
   1.5950000e+00  -1.3201264e+00   2.7650000e+01   7.6112183e+02
   1.6000000e+00  -1.1478764e+00   3.4450000e+01   9.6688986e+02
   1.6050000e+00  -9.4737639e-01   4.0100000e+01   1.1779045e+03
   1.6100000e+00  -7.2362639e-01   4.4750000e+01   1.3298095e+03
   1.6150000e+00  -4.8187639e-01   4.8350000e+01   1.3522422e+03
   1.6200000e+00  -2.2762639e-01   5.0850000e+01   1.3701883e+03
   1.6250000e+00   3.2623614e-02   5.2050000e+01   1.3739149e+03
   1.6300000e+00   2.9187361e-01   5.1850000e+01   1.3709238e+03
   1.6350000e+00   5.4362361e-01   5.0350000e+01   1.3589597e+03
   1.6400000e+00   7.8012361e-01   4.7300000e+01   1.3380225e+03
   1.6450000e+00   9.9687361e-01   4.3350000e+01   1.3133343e+03
   1.6500000e+00   1.1876236e+00   3.8150000e+01   1.2811440e+03
   1.6550000e+00   1.3478736e+00   3.2050000e+01   1.2384850e+03
   1.6600000e+00   1.4736236e+00   2.5150000e+01   1.1793755e+03
   1.6650000e+00   1.5606236e+00   1.7400000e+01   1.0821180e+03
   1.6700000e+00   1.6071236e+00   9.3000000e+00   8.9208964e+02
   1.6750000e+00   1.6138736e+00   1.3500000e+00   5.3147460e+02
   1.6800000e+00   1.5811236e+00  -6.5500000e+00   1.3268718e+02
   1.6850000e+00   1.5071236e+00  -1.4800000e+01  -2.1821927e+02
   1.6900000e+00   1.3958736e+00  -2.2250000e+01  -6.2374877e+02
   1.6950000e+00   1.2478736e+00  -2.9600000e+01  -8.7663775e+02
   1.7000000e+00   1.0678736e+00  -3.6000000e+01  -1.0764237e+03
   1.7050000e+00   8.6187361e-01  -4.1200000e+01  -1.2821918e+03
   1.7100000e+00   6.3362361e-01  -4.5650000e+01  -1.3330638e+03
   1.7150000e+00   3.8962361e-01  -4.8800000e+01  -1.3510344e+03
   1.7200000e+00   1.3537361e-01  -5.0850000e+01  -1.3570165e+03
   1.7250000e+00  -1.2262639e-01  -5.1600000e+01  -1.3570165e+03
   1.7300000e+00  -3.7737639e-01  -5.0950000e+01  -1.3465479e+03
   1.7350000e+00  -6.2312639e-01  -4.9150000e+01  -1.3263462e+03
   1.7400000e+00  -8.5262639e-01  -4.5900000e+01  -1.3023935e+03
   1.7450000e+00  -1.0608764e+00  -4.1650000e+01  -1.2694676e+03
   1.7500000e+00  -1.2408764e+00  -3.6000000e+01  -1.2298243e+03
   1.7550000e+00  -1.3903764e+00  -2.9900000e+01  -1.1834388e+03
   1.7600000e+00  -1.5048764e+00  -2.2900000e+01  -1.1198427e+03
   1.7650000e+00  -1.5803764e+00  -1.5100000e+01  -1.0278073e+03
   1.7700000e+00  -1.6186264e+00  -7.6500000e+00  -8.3101231e+02
   1.7750000e+00  -1.6148764e+00   7.5000000e-01  -4.5316209e+02
   1.7800000e+00  -1.5691264e+00   9.1500000e+00  -8.0558422e+01
   1.7850000e+00  -1.4798764e+00   1.7850000e+01   2.9278074e+02
   1.7900000e+00  -1.3501264e+00   2.5950000e+01   7.2074295e+02
   1.7950000e+00  -1.1853764e+00   3.2950000e+01   9.4519265e+02
   1.8000000e+00  -9.9012639e-01   3.9050000e+01   1.1569182e+03
   1.8050000e+00  -7.7262639e-01   4.3500000e+01   1.3365025e+03
   1.8100000e+00  -5.3387639e-01   4.7750000e+01   1.3447401e+03
   1.8150000e+00  -2.8112639e-01   5.0550000e+01   1.3612153e+03
   1.8200000e+00  -2.0876386e-02   5.2050000e+01   1.3724439e+03
   1.8250000e+00   2.4062361e-01   5.2300000e+01   1.3724439e+03
   1.8300000e+00   4.9387361e-01   5.0650000e+01   1.3657018e+03
   1.8350000e+00   7.3412361e-01   4.8050000e+01   1.3499866e+03
   1.8400000e+00   9.5462361e-01   4.4100000e+01   1.3245629e+03
   1.8450000e+00   1.1516236e+00   3.9400000e+01   1.2923726e+03
   1.8500000e+00   1.3188736e+00   3.3450000e+01   1.2504737e+03
   1.8550000e+00   1.4516236e+00   2.6550000e+01   1.1943551e+03
   1.8600000e+00   1.5471236e+00   1.9100000e+01   1.1075663e+03
   1.8650000e+00   1.6011236e+00   1.0800000e+01   9.4372165e+02
   1.8700000e+00   1.6171236e+00   3.2000000e+00   6.1975897e+02
   1.8750000e+00   1.5926236e+00  -4.9000000e+00   2.0824742e+02
   1.8800000e+00   1.5261236e+00  -1.3300000e+01  -1.4866561e+02
   1.8850000e+00   1.4223736e+00  -2.0750000e+01  -5.1903826e+02
   1.8900000e+00   1.2803736e+00  -2.8400000e+01  -8.0485307e+02
   1.8950000e+00   1.1073736e+00  -3.4600000e+01  -9.9713696e+02
   1.9000000e+00   9.0837361e-01  -3.9800000e+01  -1.2088625e+03
   1.9050000e+00   6.8562361e-01  -4.4550000e+01  -1.3240662e+03
   1.9100000e+00   4.4462361e-01  -4.8200000e+01  -1.3502499e+03
   1.9150000e+00   1.9112361e-01  -5.0700000e+01  -1.3599830e+03
   1.9200000e+00  -6.7626386e-02  -5.1750000e+01  -1.3599830e+03
   1.9250000e+00  -3.2387639e-01  -5.1250000e+01  -1.3495144e+03
   1.9300000e+00  -5.7187639e-01  -4.9600000e+01  -1.3315682e+03
   1.9350000e+00  -8.0537639e-01  -4.6700000e+01  -1.3076155e+03
   1.9400000e+00  -1.0181264e+00  -4.2550000e+01  -1.2799362e+03
   1.9450000e+00  -1.2058764e+00  -3.7550000e+01  -1.2462749e+03
   1.9500000e+00  -1.3623764e+00  -3.1300000e+01  -1.2043760e+03
   1.9550000e+00  -1.4843764e+00  -2.4400000e+01  -1.1475219e+03
   1.9600000e+00  -1.5683764e+00  -1.6800000e+01  -1.0614686e+03
   1.9650000e+00  -1.6133764e+00  -9.0000000e+00  -8.9387294e+02
   1.9700000e+00  -1.6193764e+00  -1.2000000e+00  -5.4220647e+02
   1.9750000e+00  -1.5811264e+00   7.6500000e+00  -1.6136522e+02
   1.9800000e+00  -1.5018764e+00   1.5850000e+01   2.0971842e+02
   1.9850000e+00  -1.3813764e+00   2.4100000e+01   6.6837544e+02
   1.9900000e+00  -1.2226264e+00   3.1750000e+01   9.3023751e+02
   1.9950000e+00  -1.0348764e+00   3.7550000e+01   1.1412276e+03
   2.0000000e+00  -8.2112639e-01   4.2750000e+01   1.3290494e+03
   2.0050000e+00  -5.8762639e-01   4.6700000e+01   1.3395180e+03
   2.0100000e+00  -3.4137639e-01   4.9250000e+01   1.3484911e+03
   2.0150000e+00  -9.2126386e-02   4.9850000e+01   1.3574642e+03
   2.0200000e+00   1.5337361e-01   4.9100000e+01   1.3567042e+03
   2.0250000e+00   3.8612361e-01   4.6550000e+01   1.3462356e+03
   2.0300000e+00   5.9837361e-01   4.2450000e+01   1.3275294e+03
   2.0350000e+00   7.8837361e-01   3.8000000e+01   1.2983546e+03
   2.0400000e+00   9.4937361e-01   3.2200000e+01   1.2587113e+03
   2.0450000e+00   1.0776236e+00   2.5650000e+01   1.2055837e+03
   2.0500000e+00   1.1706236e+00   1.8600000e+01   1.1285280e+03
   2.0550000e+00   1.2286236e+00   1.1600000e+01   1.0043268e+03
   2.0600000e+00   1.2523736e+00   4.7500000e+00   7.7463049e+02
   2.0650000e+00   1.2453736e+00  -1.4000000e+00   4.0352234e+02
   2.0700000e+00   1.2088736e+00  -7.3000000e+00   4.7369327e+01
   2.0750000e+00   1.1426236e+00  -1.3250000e+01  -2.4442754e+02
   2.0800000e+00   1.0511236e+00  -1.8300000e+01  -4.6066418e+02
   2.0850000e+00   9.3737361e-01  -2.2750000e+01  -6.7089424e+02
   2.0900000e+00   8.0837361e-01  -2.5800000e+01  -8.7065570e+02
   2.0950000e+00   6.6712361e-01  -2.8250000e+01  -1.0786547e+03
   2.1000000e+00   5.1762361e-01  -2.9900000e+01  -1.2447549e+03
   2.1050000e+00   3.6662361e-01  -3.0200000e+01  -1.2552480e+03
   2.1100000e+00   2.1712361e-01  -2.9900000e+01  -1.2575035e+03
   2.1150000e+00   7.5373614e-02  -2.8350000e+01  -1.2522815e+03
   2.1200000e+00  -5.5126386e-02  -2.6100000e+01  -1.2395574e+03
   2.1250000e+00  -1.7337639e-01  -2.3650000e+01  -1.2208512e+03
   2.1300000e+00  -2.7487639e-01  -2.0300000e+01  -1.1916519e+03
   2.1350000e+00  -3.5737639e-01  -1.6500000e+01  -1.1512485e+03
   2.1400000e+00  -4.1937639e-01  -1.2400000e+01  -1.0973854e+03
   2.1450000e+00  -4.6212639e-01  -8.5500000e+00  -1.0293028e+03
   2.1500000e+00  -4.8737639e-01  -5.0500000e+00  -9.3579637e+02
   2.1550000e+00  -4.9737639e-01  -2.0000000e+00  -7.9063343e+02
   2.1600000e+00  -4.9412639e-01   6.5000000e-01  -5.6542372e+02
   2.1650000e+00  -4.7737639e-01   3.3500000e+00  -2.7286683e+02
   2.1700000e+00  -4.4987639e-01   5.5000000e+00  -1.3235770e+01
   2.1750000e+00  -4.1087639e-01   7.8000000e+00   1.7081053e+02
   2.1800000e+00  -3.6587639e-01   9.0000000e+00   2.5460836e+02
   2.1850000e+00  -3.1762639e-01   9.6500000e+00   2.5235283e+02
   2.1900000e+00  -2.6812639e-01   9.9000000e+00   2.4261973e+02
   2.1950000e+00  -2.2312639e-01   9.0000000e+00   2.3889320e+02
   2.2000000e+00  -1.8362639e-01   7.9000000e+00   2.3440666e+02
   2.2050000e+00  -1.5087639e-01   6.5500000e+00   2.3217565e+02
   2.2100000e+00  -1.2637639e-01   4.9000000e+00   2.4340426e+02
   2.2150000e+00  -1.0812639e-01   3.6500000e+00   2.6583697e+02
   2.2200000e+00  -9.3626386e-02   2.9000000e+00   2.9650727e+02
   2.2250000e+00  -8.2126386e-02   2.3000000e+00   3.2269103e+02
   2.2300000e+00  -7.2126386e-02   2.0000000e+00   3.3691067e+02
   2.2350000e+00  -6.3626386e-02   1.7000000e+00   3.3617517e+02
   2.2400000e+00  -5.5876386e-02   1.5500000e+00   3.2644207e+02
   2.2450000e+00  -4.9876386e-02   1.2000000e+00   3.1222243e+02
