   0.0000000e+00  -2.5226770e-02  -1.3500000e+00  -9.4404899e+01
   5.0000000e-03  -3.7226770e-02  -2.4000000e+00  -1.3929484e+02
   1.0000000e-02  -5.3976770e-02  -3.3500000e+00  -1.7222067e+02
   1.5000000e-02  -7.3726770e-02  -3.9500000e+00  -1.8045825e+02
   2.0000000e-02  -9.3476770e-02  -3.9500000e+00  -1.7896274e+02
   2.5000000e-02  -1.1047677e-01  -3.4000000e+00  -1.6398308e+02
   3.0000000e-02  -1.2422677e-01  -2.7500000e+00  -1.3554380e+02
   3.5000000e-02  -1.3122677e-01  -1.4000000e+00  -8.6902811e+01
   4.0000000e-02  -1.2897677e-01   4.5000000e-01  -1.8060128e+01
   4.5000000e-02  -1.1672677e-01   2.4500000e+00   6.0491138e+01
   5.0000000e-02  -8.9976770e-02   5.3500000e+00   1.4801549e+02
   5.5000000e-02  -5.0226770e-02   7.9500000e+00   2.2208021e+02
   6.0000000e-02   3.7732301e-03   1.0800000e+01   2.7667874e+02
   6.5000000e-02   7.1773230e-02   1.3600000e+01   3.1409111e+02
   7.0000000e-02   1.5027323e-01   1.5700000e+01   3.3206179e+02
   7.5000000e-02   2.3802323e-01   1.7550000e+01   3.4179489e+02
   8.0000000e-02   3.2977323e-01   1.8350000e+01   3.4405042e+02
   8.5000000e-02   4.2352323e-01   1.8750000e+01   3.4405042e+02
   9.0000000e-02   5.1602323e-01   1.8500000e+01   3.3953936e+02
   9.5000000e-02   6.0227323e-01   1.7250000e+01   3.3130178e+02
   1.0000000e-01   6.7927323e-01   1.5400000e+01   3.2156868e+02
   1.0500000e-01   7.4277323e-01   1.2700000e+01   3.0286249e+02
   1.1000000e-01   7.8927323e-01   9.3000000e+00   2.7518322e+02
   1.1500000e-01   8.1752323e-01   5.6500000e+00   2.2806227e+02
   1.2000000e-01   8.2677323e-01   1.8500000e+00   1.1584968e+02
   1.2500000e-01   8.1302323e-01  -2.7500000e+00  -7.5915295e+00
   1.3000000e-01   7.7402323e-01  -7.8000000e+00  -1.3103274e+02
   1.3500000e-01   7.0902323e-01  -1.3000000e+01  -2.5074742e+02
   1.4000000e-01   6.1577323e-01  -1.8650000e+01  -3.0762599e+02
   1.4500000e-01   4.9677323e-01  -2.3800000e+01  -3.4653387e+02
   1.5000000e-01   3.5327323e-01  -2.8700000e+01  -3.7646867e+02
   1.5500000e-01   1.9002323e-01  -3.2650000e+01  -3.8693727e+02
   1.6000000e-01   8.5232301e-03  -3.6300000e+01  -3.9291932e+02
   1.6500000e-01  -1.8622677e-01  -3.8950000e+01  -3.9667037e+02
   1.7000000e-01  -3.8747677e-01  -4.0250000e+01  -3.9740587e+02
   1.7500000e-01  -5.9197677e-01  -4.0900000e+01  -3.9667037e+02
   1.8000000e-01  -7.9347677e-01  -4.0300000e+01  -3.9367934e+02
   1.8500000e-01  -9.8572677e-01  -3.8450000e+01  -3.8919280e+02
   1.9000000e-01  -1.1619768e+00  -3.5250000e+01  -3.8247524e+02
   1.9500000e-01  -1.3159768e+00  -3.0800000e+01  -3.7124663e+02
   2.0000000e-01  -1.4387268e+00  -2.4550000e+01  -3.4954942e+02
   2.0500000e-01  -1.5242268e+00  -1.7100000e+01  -3.1213705e+02
   2.1000000e-01  -1.5699768e+00  -9.1500000e+00  -2.1262406e+02
   2.1500000e-01  -1.5729768e+00  -6.0000000e-01  -6.9716657e+01
   2.2000000e-01  -1.5324768e+00   8.1000000e+00   7.8437308e+01
   2.2500000e-01  -1.4507268e+00   1.6350000e+01   2.3107781e+02
   2.3000000e-01  -1.3264768e+00   2.4850000e+01   3.2683975e+02
   2.3500000e-01  -1.1662268e+00   3.2050000e+01   3.7996728e+02
   2.4000000e-01  -9.7547677e-01   3.8150000e+01   4.1661963e+02
   2.4500000e-01  -7.5797677e-01   4.3500000e+01   4.3233479e+02
   2.5000000e-01  -5.2222677e-01   4.7150000e+01   4.3907686e+02
   2.5500000e-01  -2.7122677e-01   5.0200000e+01   4.3907686e+02
   2.6000000e-01  -1.2726770e-02   5.1700000e+01   4.3684585e+02
   2.6500000e-01   2.4577323e-01   5.1700000e+01   4.3159929e+02
   2.7000000e-01   4.9752323e-01   5.0350000e+01   4.2336170e+02
   2.7500000e-01   7.3552323e-01   4.7600000e+01   4.1362860e+02
   2.8000000e-01   9.5527323e-01   4.3950000e+01   4.0239999e+02
   2.8500000e-01   1.1515232e+00   3.9250000e+01   3.8894036e+02
   2.9000000e-01   1.3195232e+00   3.3600000e+01   3.7248971e+02
   2.9500000e-01   1.4530232e+00   2.6700000e+01   3.4929698e+02
   3.0000000e-01   1.5485232e+00   1.9100000e+01   3.1188461e+02
   3.0500000e-01   1.6025232e+00   1.0800000e+01   2.3181331e+02
   3.1000000e-01   1.6162732e+00   2.7500000e+00   9.4152464e+01
   3.1500000e-01   1.5902732e+00  -5.2000000e+00  -4.9514958e+01
   3.2000000e-01   1.5245232e+00  -1.3150000e+01  -1.8793582e+02
   3.2500000e-01   1.4207732e+00  -2.0750000e+01  -2.9715739e+02
   3.3000000e-01   1.2795232e+00  -2.8250000e+01  -3.4430286e+02
   3.3500000e-01   1.1070232e+00  -3.4500000e+01  -3.8019520e+02
   3.4000000e-01   9.0552323e-01  -4.0300000e+01  -4.0412342e+02
   3.4500000e-01   6.8127323e-01  -4.4850000e+01  -4.1162551e+02
   3.5000000e-01   4.4027323e-01  -4.8200000e+01  -4.1687207e+02
   3.5500000e-01   1.8627323e-01  -5.0800000e+01  -4.1988761e+02
   3.6000000e-01  -7.0726770e-02  -5.1400000e+01  -4.2140764e+02
   3.6500000e-01  -3.2622677e-01  -5.1100000e+01  -4.1988761e+02
   3.7000000e-01  -5.7422677e-01  -4.9600000e+01  -4.1613657e+02
   3.7500000e-01  -8.0697677e-01  -4.6550000e+01  -4.0789898e+02
   3.8000000e-01  -1.0214768e+00  -4.2900000e+01  -3.9890138e+02
   3.8500000e-01  -1.2092268e+00  -3.7550000e+01  -3.8693727e+02
   3.9000000e-01  -1.3657268e+00  -3.1300000e+01  -3.7048661e+02
   3.9500000e-01  -1.4877268e+00  -2.4400000e+01  -3.4802938e+02
   4.0000000e-01  -1.5699768e+00  -1.6450000e+01  -3.1061701e+02
   4.0500000e-01  -1.6134768e+00  -8.7000000e+00  -2.1335956e+02
   4.1000000e-01  -1.6164768e+00  -6.0000000e-01  -7.3443184e+01
   4.1500000e-01  -1.5759768e+00   8.1000000e+00   7.3190750e+01
   4.2000000e-01  -1.4944768e+00   1.6300000e+01   2.2208021e+02
   4.2500000e-01  -1.3717268e+00   2.4550000e+01   3.1933766e+02
   4.3000000e-01  -1.2114768e+00   3.2050000e+01   3.7322521e+02
   4.3500000e-01  -1.0222268e+00   3.7850000e+01   4.0990208e+02
   4.4000000e-01  -8.0697677e-01   4.3050000e+01   4.2934376e+02
   4.4500000e-01  -5.7272677e-01   4.6850000e+01   4.3684585e+02
   4.5000000e-01  -3.2397677e-01   4.9750000e+01   4.3834136e+02
   4.5500000e-01  -6.5476770e-02   5.1700000e+01   4.3758135e+02
   4.6000000e-01   1.9402323e-01   5.1900000e+01   4.3385482e+02
   4.6500000e-01   4.4902323e-01   5.1000000e+01   4.2635273e+02
   4.7000000e-01   6.9077323e-01   4.8350000e+01   4.1512412e+02
   4.7500000e-01   9.1527323e-01   4.4900000e+01   4.0615103e+02
   4.8000000e-01   1.1172732e+00   4.0400000e+01   3.9266689e+02
   4.8500000e-01   1.2902732e+00   3.4600000e+01   3.7621623e+02
   4.9000000e-01   1.4315232e+00   2.8250000e+01   3.5525452e+02
   4.9500000e-01   1.5345232e+00   2.0600000e+01   3.2159319e+02
   5.0000000e-01   1.5955232e+00   1.2200000e+01   2.5576606e+02
   5.0500000e-01   1.6185232e+00   4.6000000e+00   1.2033622e+02
   5.1000000e-01   1.6002732e+00  -3.6500000e+00  -2.1811172e+01
   5.1500000e-01   1.5422732e+00  -1.1600000e+01  -1.6099205e+02
   5.2000000e-01   1.4470232e+00  -1.9050000e+01  -2.8668879e+02
   5.2500000e-01   1.3135232e+00  -2.6700000e+01  -3.3905630e+02
   5.3000000e-01   1.1462732e+00  -3.3450000e+01  -3.7796418e+02
   5.3500000e-01   9.4927323e-01  -3.9400000e+01  -4.0713897e+02
   5.4000000e-01   7.2952323e-01  -4.3950000e+01  -4.1537655e+02
   5.4500000e-01   4.9077323e-01  -4.7750000e+01  -4.1912760e+02
   5.5000000e-01   2.3977323e-01  -5.0200000e+01  -4.2138313e+02
   5.5500000e-01  -1.6476770e-02  -5.1250000e+01  -4.2214314e+02
   5.6000000e-01  -2.7347677e-01  -5.1400000e+01  -4.1839210e+02
   5.6500000e-01  -5.2297677e-01  -4.9900000e+01  -4.1537655e+02
   5.7000000e-01  -7.5947677e-01  -4.7300000e+01  -4.0936998e+02
   5.7500000e-01  -9.7697677e-01  -4.3500000e+01  -4.0186789e+02
   5.8000000e-01  -1.1684768e+00  -3.8300000e+01  -3.9139929e+02
   5.8500000e-01  -1.3317268e+00  -3.2650000e+01  -3.7720417e+02
   5.9000000e-01  -1.4599768e+00  -2.5650000e+01  -3.5700247e+02
   5.9500000e-01  -1.5507268e+00  -1.8150000e+01  -3.2184563e+02
   6.0000000e-01  -1.6049768e+00  -1.0850000e+01  -2.4552538e+02
   6.0500000e-01  -1.6172268e+00  -2.4500000e+00  -1.0784001e+02
   6.1000000e-01  -1.5874768e+00   5.9500000e+00   3.8058426e+01
   6.1500000e-01  -1.5157268e+00   1.4350000e+01   1.8096583e+02
   6.2000000e-01  -1.4012268e+00   2.2900000e+01   2.9842498e+02
   6.2500000e-01  -1.2487268e+00   3.0500000e+01   3.5378352e+02
   6.3000000e-01  -1.0654768e+00   3.6650000e+01   3.9418692e+02
   6.3500000e-01  -8.5572677e-01   4.1950000e+01   4.2336170e+02
   6.4000000e-01  -6.2472677e-01   4.6200000e+01   4.3233479e+02
   6.4500000e-01  -3.7822677e-01   4.9300000e+01   4.3608583e+02
   6.5000000e-01  -1.2197677e-01   5.1250000e+01   4.3608583e+02
   6.5500000e-01   1.3827323e-01   5.2050000e+01   4.3235931e+02
   6.6000000e-01   3.9477323e-01   5.1300000e+01   4.2713726e+02
   6.6500000e-01   6.3952323e-01   4.8950000e+01   4.1889968e+02
   6.7000000e-01   8.6927323e-01   4.5950000e+01   4.0990208e+02
   6.7500000e-01   1.0775232e+00   4.1650000e+01   3.9867346e+02
   6.8000000e-01   1.2575232e+00   3.6000000e+01   3.8295831e+02
   6.8500000e-01   1.4057732e+00   2.9650000e+01   3.6275661e+02
   6.9000000e-01   1.5162732e+00   2.2100000e+01   3.3208631e+02
   6.9500000e-01   1.5857732e+00   1.3900000e+01   2.7819877e+02
   7.0000000e-01   1.6170232e+00   6.2500000e+00   1.4649546e+02
   7.0500000e-01   1.6085232e+00  -1.7000000e+00   2.8280361e+00
   7.1000000e-01   1.5597732e+00  -9.7500000e+00  -1.3858386e+02
   7.1500000e-01   1.4710232e+00  -1.7750000e+01  -2.7249366e+02
   7.2000000e-01   1.3442732e+00  -2.5350000e+01  -3.3233874e+02
   7.2500000e-01   1.1825232e+00  -3.2350000e+01  -3.7271763e+02
   7.3000000e-01   9.9252323e-01  -3.8000000e+01  -4.0262791e+02
   7.3500000e-01   7.7752323e-01  -4.3000000e+01  -4.1385652e+02
   7.4000000e-01   5.4277323e-01  -4.6950000e+01  -4.1834306e+02
   7.4500000e-01   2.9327323e-01  -4.9900000e+01  -4.2209411e+02
   7.5000000e-01   3.5523230e-02  -5.1550000e+01  -4.2361414e+02
   7.5500000e-01  -2.2247677e-01  -5.1600000e+01  -4.2437415e+02
   7.6000000e-01  -4.7447677e-01  -5.0400000e+01  -4.1988761e+02
   7.6500000e-01  -7.1397677e-01  -4.7900000e+01  -4.1241004e+02
   7.7000000e-01  -9.3447677e-01  -4.4100000e+01  -4.0417246e+02
   7.7500000e-01  -1.1327268e+00  -3.9650000e+01  -3.9294384e+02
   7.8000000e-01  -1.3019768e+00  -3.3850000e+01  -3.7872420e+02
   7.8500000e-01  -1.4377268e+00  -2.7150000e+01  -3.6001801e+02
   7.9000000e-01  -1.5377268e+00  -2.0000000e+01  -3.3157873e+02
   7.9500000e-01  -1.5979768e+00  -1.2050000e+01  -2.7097363e+02
   8.0000000e-01  -1.6202268e+00  -4.4500000e+00  -1.3554380e+02
   8.0500000e-01  -1.5982268e+00   4.4000000e+00   8.1236271e+00
   8.1000000e-01  -1.5349768e+00   1.2650000e+01   1.5252655e+02
   8.1500000e-01  -1.4282268e+00   2.1350000e+01   2.8719637e+02
   8.2000000e-01  -1.2824768e+00   2.9150000e+01   3.4405042e+02
   8.2500000e-01  -1.1054768e+00   3.5400000e+01   3.8818035e+02
   8.3000000e-01  -9.0022677e-01   4.1050000e+01   4.2110618e+02
   8.3500000e-01  -6.7372677e-01   4.5300000e+01   4.2934376e+02
   8.4000000e-01  -4.2872677e-01   4.9000000e+01   4.3532582e+02
   8.4500000e-01  -1.7322677e-01   5.1100000e+01   4.3758135e+02
   8.5000000e-01   8.7023230e-02   5.2050000e+01   4.3532582e+02
   8.5500000e-01   3.4427323e-01   5.1450000e+01   4.3010378e+02
   8.6000000e-01   5.9152323e-01   4.9450000e+01   4.2336170e+02
   8.6500000e-01   8.2352323e-01   4.6400000e+01   4.1213309e+02
   8.7000000e-01   1.0355232e+00   4.2400000e+01   3.9940896e+02
   8.7500000e-01   1.2217732e+00   3.7250000e+01   3.8668483e+02
   8.8000000e-01   1.3772732e+00   3.1100000e+01   3.6648313e+02
   8.8500000e-01   1.4955232e+00   2.3650000e+01   3.4029938e+02
   8.9000000e-01   1.5742732e+00   1.5750000e+01   2.9616945e+02
   8.9500000e-01   1.6130232e+00   7.7500000e+00   1.7645477e+02
   9.0000000e-01   1.6107732e+00  -4.5000000e-01   3.2076370e+01
   9.0500000e-01   1.5702732e+00  -8.1000000e+00  -1.1009554e+02
   9.1000000e-01   1.4900232e+00  -1.6050000e+01  -2.4253435e+02
   9.1500000e-01   1.3702732e+00  -2.3950000e+01  -3.1436806e+02
   9.2000000e-01   1.2170232e+00  -3.0650000e+01  -3.5626697e+02
   9.2500000e-01   1.0325232e+00  -3.6900000e+01  -3.9218383e+02
   9.3000000e-01   8.2127323e-01  -4.2250000e+01  -4.1464105e+02
   9.3500000e-01   5.9002323e-01  -4.6250000e+01  -4.2211863e+02
   9.4000000e-01   3.4352323e-01  -4.9300000e+01  -4.2513417e+02
   9.4500000e-01   8.7273230e-02  -5.1250000e+01  -4.2363866e+02
   9.5000000e-01  -1.6997677e-01  -5.1450000e+01  -4.2287864e+02
   9.5500000e-01  -4.2322677e-01  -5.0650000e+01  -4.1839210e+02
   9.6000000e-01  -6.6572677e-01  -4.8500000e+01  -4.1388104e+02
   9.6500000e-01  -8.9172677e-01  -4.5200000e+01  -4.0787447e+02
   9.7000000e-01  -1.0962268e+00  -4.0900000e+01  -3.9890138e+02
   9.7500000e-01  -1.2724768e+00  -3.5250000e+01  -3.8617725e+02
   9.8000000e-01  -1.4167268e+00  -2.8850000e+01  -3.6673557e+02
   9.8500000e-01  -1.5227268e+00  -2.1200000e+01  -3.3905630e+02
   9.9000000e-01  -1.5904768e+00  -1.3550000e+01  -2.9041532e+02
   9.9500000e-01  -1.6194768e+00  -5.8000000e+00  -1.5873652e+02
   1.0000000e+00  -1.6072268e+00   2.4500000e+00  -1.5093617e+01
   1.0050000e+00  -1.5522268e+00   1.1000000e+01   1.2854929e+02
   1.0100000e+00  -1.4554768e+00   1.9350000e+01   2.7518322e+02
   1.0150000e+00  -1.3179768e+00   2.7500000e+01   3.3953936e+02
   1.0200000e+00  -1.1472268e+00   3.4150000e+01   3.8518932e+02
   1.0250000e+00  -9.4822677e-01   3.9800000e+01   4.2186619e+02
   1.0300000e+00  -7.2447677e-01   4.4750000e+01   4.3159929e+02
   1.0350000e+00  -4.8272677e-01   4.8350000e+01   4.3532582e+02
   1.0400000e+00  -2.2797677e-01   5.0950000e+01   4.3831685e+02
   1.0450000e+00   3.2273230e-02   5.2050000e+01   4.3682133e+02
   1.0500000e+00   2.9152323e-01   5.1850000e+01   4.3159929e+02
   1.0550000e+00   5.4252323e-01   5.0200000e+01   4.2485722e+02
   1.0600000e+00   7.7927323e-01   4.7350000e+01   4.1512412e+02
   1.0650000e+00   9.9527323e-01   4.3200000e+01   4.0313549e+02
   1.0700000e+00   1.1867732e+00   3.8300000e+01   3.9041136e+02
   1.0750000e+00   1.3485232e+00   3.2350000e+01   3.7096968e+02
   1.0800000e+00   1.4750232e+00   2.5300000e+01   3.4628144e+02
   1.0850000e+00   1.5627732e+00   1.7550000e+01   3.0587804e+02
   1.0900000e+00   1.6100232e+00   9.4500000e+00   2.0786057e+02
   1.0950000e+00   1.6167732e+00   1.3500000e+00   6.7208693e+01
   1.1000000e+00   1.5825232e+00  -6.8500000e+00  -7.7929727e+01
   1.1050000e+00   1.5100232e+00  -1.4500000e+01  -2.1183953e+02
   1.1100000e+00   1.3987732e+00  -2.2250000e+01  -3.0461044e+02
   1.1150000e+00   1.2500232e+00  -2.9750000e+01  -3.4950038e+02
   1.1200000e+00   1.0715232e+00  -3.5700000e+01  -3.8392172e+02
   1.1250000e+00   8.6477323e-01  -4.1350000e+01  -4.1162551e+02
   1.1300000e+00   6.3577323e-01  -4.5800000e+01  -4.1986310e+02
   1.1350000e+00   3.9327323e-01  -4.8500000e+01  -4.2437415e+02
   1.1400000e+00   1.3902323e-01  -5.0850000e+01  -4.2662968e+02
   1.1450000e+00  -1.1747677e-01  -5.1300000e+01  -4.2437415e+02
   1.1500000e+00  -3.7147677e-01  -5.0800000e+01  -4.1988761e+02
   1.1550000e+00  -6.1797677e-01  -4.9300000e+01  -4.1537655e+02
   1.1600000e+00  -8.4822677e-01  -4.6050000e+01  -4.0713897e+02
   1.1650000e+00  -1.0572268e+00  -4.1800000e+01  -3.9890138e+02
   1.1700000e+00  -1.2394768e+00  -3.6450000e+01  -3.8843278e+02
   1.1750000e+00  -1.3897268e+00  -3.0050000e+01  -3.7124663e+02
   1.1800000e+00  -1.5042268e+00  -2.2900000e+01  -3.4729389e+02
   1.1850000e+00  -1.5804768e+00  -1.5250000e+01  -3.0539497e+02
   1.1900000e+00  -1.6187268e+00  -7.6500000e+00  -1.8791131e+02
   1.1950000e+00  -1.6142268e+00   9.0000000e-01  -4.4243884e+01
   1.2000000e+00  -1.5677268e+00   9.3000000e+00   1.0165455e+02
   1.2050000e+00  -1.4784768e+00   1.7850000e+01   2.4605747e+02
   1.2100000e+00  -1.3487268e+00   2.5950000e+01   3.2460874e+02
   1.2150000e+00  -1.1839768e+00   3.2950000e+01   3.7324972e+02
   1.2200000e+00  -9.8947677e-01   3.8900000e+01   4.0916658e+02
   1.2250000e+00  -7.7272677e-01   4.3350000e+01   4.2860826e+02
   1.2300000e+00  -5.3397677e-01   4.7750000e+01   4.3459032e+02
   1.2350000e+00  -2.8297677e-01   5.0200000e+01   4.3459032e+02
   1.2400000e+00  -2.4976770e-02   5.1600000e+01   4.3383030e+02
   1.2450000e+00   2.3502323e-01   5.2000000e+01   4.3010378e+02
   1.2500000e+00   4.8827323e-01   5.0650000e+01   4.2488174e+02
   1.2550000e+00   7.2802323e-01   4.7950000e+01   4.1887516e+02
   1.2600000e+00   9.4927323e-01   4.4250000e+01   4.0990208e+02
   1.2650000e+00   1.1470232e+00   3.9550000e+01   3.9568244e+02
   1.2700000e+00   1.3142732e+00   3.3450000e+01   3.7771175e+02
   1.2750000e+00   1.4485232e+00   2.6850000e+01   3.5378352e+02
   1.2800000e+00   1.5437732e+00   1.9050000e+01   3.1637115e+02
   1.2850000e+00   1.5992732e+00   1.1100000e+01   2.3855539e+02
   1.2900000e+00   1.6145232e+00   3.0500000e+00   1.0013452e+02
   1.2950000e+00   1.5900232e+00  -4.9000000e+00  -4.3532902e+01
   1.3000000e+00   1.5260232e+00  -1.2800000e+01  -1.7969824e+02
   1.3050000e+00   1.4222732e+00  -2.0750000e+01  -2.9492637e+02
   1.3100000e+00   1.2825232e+00  -2.7950000e+01  -3.4503836e+02
   1.3150000e+00   1.1092732e+00  -3.4650000e+01  -3.8318622e+02
   1.3200000e+00   9.0852323e-01  -4.0150000e+01  -4.1388104e+02
   1.3250000e+00   6.8577323e-01  -4.4550000e+01  -4.1986310e+02
   1.3300000e+00   4.4402323e-01  -4.8350000e+01  -4.2510965e+02
   1.3350000e+00   1.9152323e-01  -5.0500000e+01  -4.2810068e+02
   1.3400000e+00  -6.5476770e-02  -5.1400000e+01  -4.2959620e+02
   1.3450000e+00  -3.2247677e-01  -5.1400000e+01  -4.2736518e+02
   1.3500000e+00  -5.6972677e-01  -4.9450000e+01  -4.2211863e+02
   1.3550000e+00  -8.0322677e-01  -4.6700000e+01  -4.1314554e+02
   1.3600000e+00  -1.0169768e+00  -4.2750000e+01  -4.0191693e+02
   1.3650000e+00  -1.2039768e+00  -3.7400000e+01  -3.8919280e+02
   1.3700000e+00  -1.3612268e+00  -3.1450000e+01  -3.7350216e+02
   1.3750000e+00  -1.4832268e+00  -2.4400000e+01  -3.5254044e+02
   1.3800000e+00  -1.5677268e+00  -1.6900000e+01  -3.1586357e+02
   1.3850000e+00  -1.6134768e+00  -9.1500000e+00  -2.2083713e+02
   1.3900000e+00  -1.6179768e+00  -9.0000000e-01  -7.9425241e+01
   1.3950000e+00  -1.5804768e+00   7.5000000e+00   6.7968709e+01
   1.4000000e+00  -1.5004768e+00   1.6000000e+01   2.1011610e+02
   1.4050000e+00  -1.3792268e+00   2.4250000e+01   3.0886907e+02
   1.4100000e+00  -1.2212268e+00   3.1600000e+01   3.6050108e+02
   1.4150000e+00  -1.0337268e+00   3.7500000e+01   3.9940896e+02
   1.4200000e+00  -8.1997677e-01   4.2750000e+01   4.2784825e+02
   1.4250000e+00  -5.8722677e-01   4.6550000e+01   4.3535033e+02
   1.4300000e+00  -3.3922677e-01   4.9600000e+01   4.3910138e+02
   1.4350000e+00  -8.0476770e-02   5.1750000e+01   4.3910138e+02
   1.4400000e+00   1.8027323e-01   5.2150000e+01   4.3461484e+02
   1.4450000e+00   4.3502323e-01   5.0950000e+01   4.3012829e+02
   1.4500000e+00   6.7902323e-01   4.8800000e+01   4.2113069e+02
   1.4550000e+00   9.0402323e-01   4.5000000e+01   4.1063758e+02
   1.4600000e+00   1.1055232e+00   4.0300000e+01   4.0014446e+02
   1.4650000e+00   1.2817732e+00   3.5250000e+01   3.8366929e+02
   1.4700000e+00   1.4237732e+00   2.8400000e+01   3.6273209e+02
   1.4750000e+00   1.5282732e+00   2.0900000e+01   3.3056628e+02
   1.4800000e+00   1.5922732e+00   1.2800000e+01   2.6547464e+02
   1.4850000e+00   1.6160232e+00   4.7500000e+00   1.2930930e+02
   1.4900000e+00   1.5992732e+00  -3.3500000e+00  -1.4358118e+01
   1.4950000e+00   1.5437732e+00  -1.1100000e+01  -1.5501000e+02
   1.5000000e+00   1.4492732e+00  -1.8900000e+01  -2.8369776e+02
   1.5050000e+00   1.3165232e+00  -2.6550000e+01  -3.3981631e+02
   1.5100000e+00   1.1492732e+00  -3.3450000e+01  -3.8171523e+02
   1.5150000e+00   9.5377323e-01  -3.9100000e+01  -4.1464105e+02
   1.5200000e+00   7.3402323e-01  -4.3950000e+01  -4.2287864e+02
   1.5250000e+00   4.9602323e-01  -4.7600000e+01  -4.2662968e+02
   1.5300000e+00   2.4577323e-01  -5.0050000e+01  -4.2812520e+02
   1.5350000e+00  -1.1226770e-02  -5.1400000e+01  -4.2888521e+02
   1.5400000e+00  -2.6747677e-01  -5.1250000e+01  -4.2738970e+02
   1.5450000e+00  -5.1697677e-01  -4.9900000e+01  -4.2214314e+02
   1.5500000e+00  -7.5422677e-01  -4.7450000e+01  -4.1689658e+02
   1.5550000e+00  -9.7247677e-01  -4.3650000e+01  -4.0716348e+02
   1.5600000e+00  -1.1664768e+00  -3.8800000e+01  -3.9593487e+02
   1.5650000e+00  -1.3312268e+00  -3.2950000e+01  -3.8097973e+02
   1.5700000e+00  -1.4624768e+00  -2.6250000e+01  -3.6001801e+02
   1.5750000e+00  -1.5554768e+00  -1.8600000e+01  -3.2635669e+02
   1.5800000e+00  -1.6087268e+00  -1.0650000e+01  -2.5003643e+02
   1.5850000e+00  -1.6224768e+00  -2.7500000e+00  -1.1311108e+02
   1.5900000e+00  -1.5912268e+00   6.2500000e+00   3.4282866e+01
   1.5950000e+00  -1.5209768e+00   1.4050000e+01   1.7719027e+02
   1.6000000e+00  -1.4089768e+00   2.2400000e+01   2.9614494e+02
   1.6050000e+00  -1.2579768e+00   3.0200000e+01   3.5152799e+02
   1.6100000e+00  -1.0769768e+00   3.6200000e+01   3.9193139e+02
   1.6150000e+00  -8.6647677e-01   4.2100000e+01   4.2262621e+02
   1.6200000e+00  -6.3597677e-01   4.6100000e+01   4.3162381e+02
   1.6250000e+00  -3.8947677e-01   4.9300000e+01   4.3684585e+02
   1.6300000e+00  -1.3172677e-01   5.1550000e+01   4.3907686e+02
   1.6350000e+00   1.2752323e-01   5.1850000e+01   4.3682133e+02
   1.6400000e+00   3.8402323e-01   5.1300000e+01   4.3157477e+02
   1.6450000e+00   6.3027323e-01   4.9250000e+01   4.2333719e+02
   1.6500000e+00   8.5927323e-01   4.5800000e+01   4.1286859e+02
   1.6550000e+00   1.0677732e+00   4.1700000e+01   4.0090448e+02
   1.6600000e+00   1.2492732e+00   3.6300000e+01   3.8518932e+02
   1.6650000e+00   1.3980232e+00   2.9750000e+01   3.6498762e+02
   1.6700000e+00   1.5100232e+00   2.2400000e+01   3.3505282e+02
   1.6750000e+00   1.5807732e+00   1.4150000e+01   2.8268531e+02
   1.6800000e+00   1.6135232e+00   6.5500000e+00   1.5100652e+02
   1.6850000e+00   1.6045232e+00  -1.8000000e+00   6.6035963e+00
   1.6900000e+00   1.5565232e+00  -9.6000000e+00  -1.3404828e+02
   1.6950000e+00   1.4695232e+00  -1.7400000e+01  -2.6425608e+02
   1.7000000e+00   1.3445232e+00  -2.5000000e+01  -3.2410116e+02
   1.7050000e+00   1.1857732e+00  -3.1750000e+01  -3.6600007e+02
   1.7100000e+00   9.9652323e-01  -3.7850000e+01  -4.0118143e+02
   1.7150000e+00   7.8227323e-01  -4.2850000e+01  -4.2138313e+02
   1.7200000e+00   5.4652323e-01  -4.7150000e+01  -4.2812520e+02
   1.7250000e+00   2.9777323e-01  -4.9750000e+01  -4.3035621e+02
   1.7300000e+00   4.1523230e-02  -5.1250000e+01  -4.2886070e+02
   1.7350000e+00  -2.1397677e-01  -5.1100000e+01  -4.2510965e+02
   1.7400000e+00  -4.6597677e-01  -5.0400000e+01  -4.1912760e+02
   1.7450000e+00  -7.0622677e-01  -4.8050000e+01  -4.1388104e+02
   1.7500000e+00  -9.2822677e-01  -4.4400000e+01  -4.0787447e+02
   1.7550000e+00  -1.1282268e+00  -4.0000000e+01  -3.9963688e+02
   1.7600000e+00  -1.2982268e+00  -3.4000000e+01  -3.8767277e+02
   1.7650000e+00  -1.4354768e+00  -2.7450000e+01  -3.6747107e+02
   1.7700000e+00  -1.5369768e+00  -2.0300000e+01  -3.3756079e+02
   1.7750000e+00  -1.5987268e+00  -1.2350000e+01  -2.7695569e+02
   1.7800000e+00  -1.6202268e+00  -4.3000000e+00  -1.3927032e+02
   1.7850000e+00  -1.5997268e+00   4.1000000e+00   5.1325988e+00
   1.7900000e+00  -1.5372268e+00   1.2500000e+01   1.4953552e+02
   1.7950000e+00  -1.4334768e+00   2.0750000e+01   2.8945190e+02
   1.8000000e+00  -1.2907268e+00   2.8550000e+01   3.4780147e+02
   1.8050000e+00  -1.1152268e+00   3.5100000e+01   3.9193139e+02
   1.8100000e+00  -9.1222677e-01   4.0600000e+01   4.2711275e+02
   1.8150000e+00  -6.8572677e-01   4.5300000e+01   4.3309480e+02
   1.8200000e+00  -4.4222677e-01   4.8700000e+01   4.3684585e+02
   1.8250000e+00  -1.8747677e-01   5.0950000e+01   4.3760586e+02
   1.8300000e+00   7.3523230e-02   5.2200000e+01   4.3611035e+02
   1.8350000e+00   3.3077323e-01   5.1450000e+01   4.3162381e+02
   1.8400000e+00   5.7952323e-01   4.9750000e+01   4.2713726e+02
   1.8450000e+00   8.1302323e-01   4.6700000e+01   4.1963518e+02
   1.8500000e+00   1.0257732e+00   4.2550000e+01   4.0541554e+02
   1.8550000e+00   1.2140232e+00   3.7650000e+01   3.9193139e+02
   1.8600000e+00   1.3695232e+00   3.1100000e+01   3.7096968e+02
   1.8650000e+00   1.4907732e+00   2.4250000e+01   3.4255491e+02
   1.8700000e+00   1.5725232e+00   1.6350000e+01   2.9766497e+02
   1.8750000e+00   1.6130232e+00   8.1000000e+00   1.8020582e+02
   1.8800000e+00   1.6137732e+00   1.5000000e-01   3.7298411e+01
   1.8850000e+00   1.5732732e+00  -8.1000000e+00  -1.0411348e+02
   1.8900000e+00   1.4930232e+00  -1.6050000e+01  -2.3505678e+02
   1.8950000e+00   1.3740232e+00  -2.3800000e+01  -3.0988152e+02
   1.9000000e+00   1.2215232e+00  -3.0500000e+01  -3.5477146e+02
   1.9050000e+00   1.0377732e+00  -3.6750000e+01  -3.9144833e+02
   1.9100000e+00   8.2727323e-01  -4.2100000e+01  -4.1689658e+02
   1.9150000e+00   5.9702323e-01  -4.6050000e+01  -4.2513417e+02
   1.9200000e+00   3.5127323e-01  -4.9150000e+01  -4.2888521e+02
   1.9250000e+00   9.6523230e-02  -5.0950000e+01  -4.2962071e+02
   1.9300000e+00  -1.5997677e-01  -5.1300000e+01  -4.2962071e+02
   1.9350000e+00  -4.1347677e-01  -5.0700000e+01  -4.2586967e+02
   1.9400000e+00  -6.5747677e-01  -4.8800000e+01  -4.1912760e+02
   1.9450000e+00  -8.8497677e-01  -4.5500000e+01  -4.1015451e+02
   1.9500000e+00  -1.0902268e+00  -4.1050000e+01  -3.9966140e+02
   1.9550000e+00  -1.2664768e+00  -3.5250000e+01  -3.8693727e+02
   1.9600000e+00  -1.4107268e+00  -2.8850000e+01  -3.6972660e+02
   1.9650000e+00  -1.5182268e+00  -2.1500000e+01  -3.4427834e+02
   1.9700000e+00  -1.5874768e+00  -1.3850000e+01  -2.9566187e+02
   1.9750000e+00  -1.6187268e+00  -6.2500000e+00  -1.6474310e+02
   1.9800000e+00  -1.6079768e+00   2.1500000e+00  -2.0340175e+01
   1.9850000e+00  -1.5544768e+00   1.0700000e+01   1.2479825e+02
   1.9900000e+00  -1.4584768e+00   1.9200000e+01   2.6996118e+02
   1.9950000e+00  -1.3227268e+00   2.7150000e+01   3.3581284e+02
   2.0000000e+00  -1.1527268e+00   3.4000000e+01   3.8295831e+02
   2.0050000e+00  -9.5522677e-01   3.9500000e+01   4.1963518e+02
   2.0100000e+00  -7.3472677e-01   4.4100000e+01   4.3086379e+02
   2.0150000e+00  -4.9722677e-01   4.7500000e+01   4.3461484e+02
   2.0200000e+00  -2.5072677e-01   4.9300000e+01   4.3311932e+02
   2.0250000e+00  -3.4767699e-03   4.9450000e+01   4.2936828e+02
   2.0300000e+00   2.3627323e-01   4.7950000e+01   4.2336170e+02
   2.0350000e+00   4.6052323e-01   4.4850000e+01   4.1286859e+02
   2.0400000e+00   6.6577323e-01   4.1050000e+01   4.0237547e+02
   2.0450000e+00   8.4502323e-01   3.5850000e+01   3.8592482e+02
   2.0500000e+00   9.9452323e-01   2.9900000e+01   3.6648313e+02
   2.0550000e+00   1.1105232e+00   2.3200000e+01   3.4105939e+02
   2.0600000e+00   1.1897732e+00   1.5850000e+01   3.0215151e+02
   2.0650000e+00   1.2340232e+00   8.8500000e+00   2.3254881e+02
   2.0700000e+00   1.2462732e+00   2.4500000e+00   1.0236553e+02
   2.0750000e+00   1.2277732e+00  -3.7000000e+00  -3.2304288e+01
   2.0800000e+00   1.1790232e+00  -9.7500000e+00  -1.5724101e+02
   2.0850000e+00   1.1042732e+00  -1.4950000e+01  -2.5224293e+02
   2.0900000e+00   1.0042732e+00  -2.0000000e+01  -3.0161941e+02
   2.0950000e+00   8.8452323e-01  -2.3950000e+01  -3.3829628e+02
   2.1000000e+00   7.5177323e-01  -2.6550000e+01  -3.6823108e+02
   2.1050000e+00   6.0752323e-01  -2.8850000e+01  -3.9068831e+02
   2.1100000e+00   4.5952323e-01  -2.9600000e+01  -3.9144833e+02
   2.1150000e+00   3.1002323e-01  -2.9900000e+01  -3.8696178e+02
   2.1200000e+00   1.6352323e-01  -2.9300000e+01  -3.8171523e+02
   2.1250000e+00   2.7023230e-02  -2.7300000e+01  -3.7423766e+02
   2.1300000e+00  -9.8976770e-02  -2.5200000e+01  -3.6526457e+02
   2.1350000e+00  -2.0947677e-01  -2.2100000e+01  -3.5629149e+02
   2.1400000e+00  -3.0247677e-01  -1.8600000e+01  -3.4207184e+02
   2.1450000e+00  -3.7647677e-01  -1.4800000e+01  -3.2559667e+02
   2.1500000e+00  -4.3147677e-01  -1.1000000e+01  -3.0389946e+02
   2.1550000e+00  -4.6672677e-01  -7.0500000e+00  -2.7619567e+02
   2.1600000e+00  -4.8447677e-01  -3.5500000e+00  -2.2907472e+02
   2.1650000e+00  -4.8822677e-01  -7.5000000e-01  -1.3779932e+02
   2.1700000e+00  -4.7897677e-01   1.8500000e+00  -3.0808773e+01
   2.1750000e+00  -4.5672677e-01   4.4500000e+00   7.1695236e+01
   2.1800000e+00  -4.2447677e-01   6.4500000e+00   1.5250203e+02
   2.1850000e+00  -3.8272677e-01   8.3500000e+00   1.8692337e+02
   2.1900000e+00  -3.3547677e-01   9.4500000e+00   1.9891200e+02
   2.1950000e+00  -2.8822677e-01   9.4500000e+00   2.0712507e+02
   2.2000000e+00  -2.4172677e-01   9.3000000e+00   2.1161161e+02
   2.2050000e+00  -2.0122677e-01   8.1000000e+00   2.1533814e+02
   2.2100000e+00  -1.6672677e-01   6.9000000e+00   2.2205570e+02
   2.2150000e+00  -1.3772677e-01   5.8000000e+00   2.3029328e+02
   2.2200000e+00  -1.1722677e-01   4.1000000e+00   2.3627534e+02
   2.2250000e+00  -9.9726770e-02   3.5000000e+00   2.3926637e+02
   2.2300000e+00  -8.5226770e-02   2.9000000e+00   2.3627534e+02
   2.2350000e+00  -7.4476770e-02   2.1500000e+00   2.2953327e+02
   2.2400000e+00  -6.3726770e-02   2.1500000e+00   2.2431123e+02
   2.2450000e+00  -5.5976770e-02   1.5500000e+00   2.1908919e+02
   2.2500000e+00  -4.9976770e-02   1.2000000e+00   2.1310713e+02
